Running CLASS version v2.6.3
Computing background
 -> age = 13.461693 Gyr
 -> conformal age = 13894.100411 Mpc
Computing thermodynamics
 -> recombination at z = 1086.845754
    corresponding to conformal time = 278.779944 Mpc
    with comoving sound horizon = 142.281627 Mpc
    angular diameter distance = 12.515856 Mpc
    and sound horizon angle 100*theta_s = 1.045011
 -> baryon drag stops at z = 1064.690270
    corresponding to conformal time = 283.069855 Mpc
    with comoving sound horizon rs = 144.187065 Mpc
 -> reionization with optical depth = 0.084365
    corresponding to conformal time = 4458.125917 Mpc
Computing sources
Computing primordial spectra (analytic spectrum)
No HALOFIT power spectra requested. Nonlinear HALOFIT module skipped.
Computing non-linear matter power spectrum in perturbation theory
Call 1-loop SPT power spectrum at z=0.000000e+00
Sigma_v=80.119423
7.000000e-05 1.151646e+03
7.416562e-05 1.220141e+03
7.857914e-05 1.292706e+03
8.325529e-05 1.369581e+03
8.820972e-05 1.451020e+03
9.345898e-05 1.537294e+03
9.902062e-05 1.628687e+03
1.049132e-04 1.725503e+03
1.111565e-04 1.828061e+03
1.177713e-04 1.936698e+03
1.247797e-04 2.051772e+03
1.322052e-04 2.173661e+03
1.400726e-04 2.302764e+03
1.484082e-04 2.439505e+03
1.572398e-04 2.584327e+03
1.665970e-04 2.737703e+03
1.765110e-04 2.900130e+03
1.870149e-04 3.072132e+03
1.981440e-04 3.254263e+03
2.099353e-04 3.447107e+03
2.224283e-04 3.651278e+03
2.356648e-04 3.867425e+03
2.496889e-04 4.096229e+03
2.645476e-04 4.338408e+03
2.802906e-04 4.594716e+03
2.969704e-04 4.865946e+03
3.146427e-04 5.152929e+03
3.333668e-04 5.456539e+03
3.532051e-04 5.777689e+03
3.742239e-04 6.117338e+03
3.964935e-04 6.476487e+03
4.200884e-04 6.856184e+03
4.450874e-04 7.257521e+03
4.715741e-04 7.681640e+03
4.996369e-04 8.129727e+03
5.293698e-04 8.603018e+03
5.608720e-04 9.102793e+03
5.942488e-04 9.630381e+03
6.296119e-04 1.018716e+04
6.670794e-04 1.077454e+04
7.067766e-04 1.139398e+04
7.488360e-04 1.204698e+04
7.933984e-04 1.273507e+04
8.406127e-04 1.345981e+04
8.906366e-04 1.422270e+04
9.436374e-04 1.502532e+04
9.997922e-04 1.586937e+04
1.059289e-03 1.675640e+04
1.122326e-03 1.768802e+04
1.189114e-03 1.866578e+04
1.259877e-03 1.969120e+04
1.334851e-03 2.076574e+04
1.414286e-03 2.189078e+04
1.498449e-03 2.306761e+04
1.587620e-03 2.429741e+04
1.682098e-03 2.558121e+04
1.782197e-03 2.691987e+04
1.888254e-03 2.831407e+04
2.000622e-03 2.976425e+04
2.119677e-03 3.127061e+04
2.245816e-03 3.283303e+04
2.379462e-03 3.445108e+04
2.521061e-03 3.612394e+04
2.671087e-03 3.785034e+04
2.830040e-03 3.962857e+04
2.998453e-03 4.145637e+04
3.176887e-03 4.333090e+04
3.365940e-03 4.524853e+04
3.566244e-03 4.720529e+04
3.778467e-03 4.919660e+04
4.003319e-03 5.121444e+04
4.241552e-03 5.325574e+04
4.493962e-03 5.531079e+04
4.761393e-03 5.737385e+04
5.044738e-03 5.943276e+04
5.344945e-03 6.147704e+04
5.663017e-03 6.349595e+04
6.000016e-03 6.547525e+04
6.357071e-03 6.740011e+04
6.735373e-03 6.925294e+04
7.136187e-03 7.102479e+04
7.560854e-03 7.269009e+04
8.010792e-03 7.422806e+04
8.487505e-03 7.562375e+04
8.992587e-03 7.685441e+04
9.527726e-03 7.789542e+04
1.009471e-02 7.872619e+04
1.069544e-02 7.932342e+04
1.133191e-02 7.966186e+04
1.200626e-02 7.972628e+04
1.272074e-02 7.949614e+04
1.347773e-02 7.895728e+04
1.427978e-02 7.809238e+04
1.512955e-02 7.690056e+04
1.602989e-02 7.538055e+04
1.698382e-02 7.354053e+04
1.799450e-02 7.139735e+04
1.906534e-02 6.897715e+04
2.019989e-02 6.631675e+04
2.140197e-02 6.346142e+04
2.267557e-02 6.046886e+04
2.402497e-02 5.740396e+04
2.545467e-02 5.433722e+04
2.696945e-02 5.134261e+04
2.857437e-02 4.849287e+04
3.027480e-02 4.585342e+04
3.207642e-02 4.347837e+04
3.398525e-02 4.139895e+04
3.600768e-02 3.962191e+04
3.815045e-02 3.811957e+04
4.042075e-02 3.682593e+04
4.282614e-02 3.563128e+04
4.537467e-02 3.438378e+04
4.807487e-02 3.291962e+04
5.093575e-02 3.109668e+04
5.396688e-02 2.886531e+04
5.717839e-02 2.631566e+04
6.058101e-02 2.365350e+04
6.418612e-02 2.114545e+04
6.800577e-02 1.901816e+04
7.205271e-02 1.738906e+04
7.634049e-02 1.623842e+04
8.088343e-02 1.541732e+04
8.569671e-02 1.469429e+04
9.079643e-02 1.381543e+04
9.619962e-02 1.262477e+04
1.019244e-01 1.118996e+04
1.079898e-01 9.801191e+03
1.144161e-01 8.744151e+03
1.212249e-01 8.063683e+03
1.284388e-01 7.571769e+03
1.360821e-01 7.012225e+03
1.441802e-01 6.261614e+03
1.527602e-01 5.472943e+03
1.618508e-01 4.880682e+03
1.714823e-01 4.490133e+03
1.816871e-01 4.112902e+03
1.924990e-01 3.642743e+03
2.039545e-01 3.206726e+03
2.160916e-01 2.901922e+03
2.289509e-01 2.624948e+03
2.425755e-01 2.314465e+03
2.570109e-01 2.060545e+03
2.723054e-01 1.852545e+03
2.885100e-01 1.637325e+03
3.056789e-01 1.456412e+03
3.238695e-01 1.296107e+03
3.431426e-01 1.146268e+03
3.635626e-01 1.017641e+03
3.851978e-01 8.995627e+02
4.081205e-01 7.959519e+02
4.324073e-01 7.030060e+02
4.581394e-01 6.204727e+02
4.854027e-01 5.471643e+02
5.142885e-01 4.821827e+02
5.448933e-01 4.244292e+02
5.773192e-01 3.733561e+02
6.116749e-01 3.281836e+02
6.480750e-01 2.882421e+02
6.866412e-01 2.529715e+02
7.275024e-01 2.218578e+02
7.707953e-01 1.944325e+02
8.166644e-01 1.702786e+02
8.652632e-01 1.490268e+02
9.167541e-01 1.303469e+02
9.713091e-01 1.139340e+02
1.029111e+00 9.952369e+01
1.090352e+00 8.688708e+01
1.155237e+00 7.580765e+01
1.223984e+00 6.610479e+01
1.296822e+00 5.761171e+01
1.373995e+00 5.018211e+01
1.455760e+00 4.368770e+01
1.542390e+00 3.801426e+01
1.634176e+00 3.306086e+01
1.731424e+00 2.873883e+01
1.834459e+00 2.496990e+01
1.943626e+00 2.168493e+01
2.059289e+00 1.882348e+01
2.181835e+00 1.633241e+01
2.311673e+00 1.416494e+01
2.449239e+00 1.228002e+01
2.594990e+00 1.064155e+01
2.749415e+00 9.217969e+00
2.913030e+00 7.981624e+00
3.086381e+00 6.908353e+00
3.270048e+00 5.977100e+00
3.464645e+00 5.169446e+00
3.670822e+00 4.469323e+00
3.889268e+00 3.862683e+00
4.120714e+00 3.337247e+00
4.365934e+00 2.882321e+00
4.625745e+00 2.488590e+00
4.901018e+00 2.147941e+00
5.192672e+00 1.853334e+00
5.501683e+00 1.598635e+00
5.829082e+00 1.378518e+00
6.175964e+00 1.188352e+00
6.543488e+00 1.024117e+00
6.932884e+00 8.820732e-01
7.345452e+00 7.599617e-01
7.782572e+00 6.543787e-01
8.245704e+00 5.633105e-01
8.736397e+00 4.847859e-01
9.256290e+00 4.170975e-01
9.807121e+00 3.587672e-01
1.039073e+01 3.085158e-01
1.100907e+01 2.652364e-01
1.166421e+01 2.279723e-01
1.235834e+01 1.958960e-01
1.309377e+01 1.682927e-01
1.387296e+01 1.445445e-01
1.469853e+01 1.241185e-01
1.557322e+01 1.065541e-01
1.649996e+01 9.145409e-02
1.748186e+01 7.847583e-02
1.852218e+01 6.732381e-02
1.962442e+01 5.774330e-02
2.079225e+01 4.951475e-02
2.202957e+01 4.244901e-02
2.334052e+01 3.638317e-02
2.472949e+01 3.117690e-02
2.620112e+01 2.670933e-02
2.776032e+01 2.287645e-02
2.941230e+01 1.958880e-02
3.116259e+01 1.676943e-02
3.301705e+01 1.435216e-02
3.498185e+01 1.228009e-02
3.706358e+01 1.050433e-02
3.926920e+01 8.982856e-03
4.160606e+01 7.679584e-03
4.408199e+01 6.563505e-03
4.670526e+01 5.607982e-03
4.948464e+01 4.790072e-03
5.242942e+01 4.089923e-03
5.554943e+01 3.490561e-03
5.885512e+01 2.977501e-03
6.235752e+01 2.538484e-03
6.606835e+01 2.163289e-03
7.000000e+01 1.843043e-03
Computing transfers
Computing unlensed linear spectra
 -> sigma8=0.877273 (computed till k = 105.289 h/Mpc)
Computing lensed spectra (fast mode)
Writing output files in output/test_... 
