2.202610826131443823e-07
2.378275584431658003e-07
2.570941285748844114e-07
2.782549102887250141e-07
3.015296355576764607e-07
3.271674959233152551e-07
3.554516357201757062e-07
3.867044152236486897e-07
4.212935904333646432e-07
4.596395870302251423e-07
5.022240839618246996e-07
5.496001688920950722e-07
6.024043856509227632e-07
6.613710657127495295e-07
7.273494252979358356e-07
8.013240216507721901e-07
8.844393024922739560e-07
9.780291594529210075e-07
1.083652619693581352e-06
1.203137093266925018e-06
1.338630954529088155e-06
1.492667697052803765e-06
1.668244493344404133e-06
1.868918753433082399e-06
2.098927263615200281e-06
2.363333769890104031e-06
2.668212546076555380e-06
3.020877683982192931e-06
3.430170738108783747e-06
3.906823189477673815e-06
4.463915289307157469e-06
5.117459652405770592e-06
5.887147111004726696e-06
6.797304668341340419e-06
7.878132095935613184e-06
9.167306453653935582e-06
1.071207488602106154e-05
1.257199868756838883e-05
1.482257034109564533e-05
1.756000629982077714e-05
2.090763042882574552e-05
2.502441823948234995e-05
3.011648659250071595e-05
3.645260885215014348e-05
4.438523855983194608e-05
5.437906669326479794e-05
6.704984751672353688e-05
8.321711532462742437e-05
1.039754259582338880e-04
1.307896789315801157e-04
1.656203162537929323e-04
2.110823124401246310e-04
2.706345774429243798e-04
3.487764401138876316e-04
4.511796299053752132e-04
5.845743693997106126e-04
7.559664804003090027e-04
9.702387622041466981e-04
1.224051444059963368e-03
1.491389539522833610e-03
1.689825546587902811e-03
1.600232027656615756e-03
6.875574559144110318e-04
-1.926607559382668327e-03
-4.401910763121756956e-03
-1.926607559382668327e-03
6.875574559144110318e-04
1.600232027656615756e-03
1.689825546587902811e-03
1.491389539522833610e-03
1.224051444059963368e-03
9.702387622041466981e-04
7.559664804003090027e-04
5.845743693997106126e-04
4.511796299053752132e-04
3.487764401138876316e-04
2.706345774429243798e-04
2.110823124401246310e-04
1.656203162537929323e-04
1.307896789315801157e-04
1.039754259582338880e-04
8.321711532462742437e-05
6.704984751672353688e-05
5.437906669326479794e-05
4.438523855983194608e-05
3.645260885215014348e-05
3.011648659250071595e-05
2.502441823948234995e-05
2.090763042882574552e-05
1.756000629982077714e-05
1.482257034109564533e-05
1.257199868756838883e-05
1.071207488602106154e-05
9.167306453653935582e-06
7.878132095935613184e-06
6.797304668341340419e-06
5.887147111004726696e-06
5.117459652405770592e-06
4.463915289307157469e-06
3.906823189477673815e-06
3.430170738108783747e-06
3.020877683982192931e-06
2.668212546076555380e-06
2.363333769890104031e-06
2.098927263615200281e-06
1.868918753433082399e-06
1.668244493344404133e-06
1.492667697052803765e-06
1.338630954529088155e-06
1.203137093266925018e-06
1.083652619693581352e-06
9.780291594529210075e-07
8.844393024922739560e-07
8.013240216507721901e-07
7.273494252979358356e-07
6.613710657127495295e-07
6.024043856509227632e-07
5.496001688920950722e-07
5.022240839618246996e-07
4.596395870302251423e-07
4.212935904333646432e-07
3.867044152236486897e-07
3.554516357201757062e-07
3.271674959233152551e-07
3.015296355576764607e-07
2.782549102887250141e-07
2.570941285748844114e-07
2.378275584431658003e-07
2.202610826131443823e-07
6.547724407088408351e-07
6.953820730678517061e-07
7.391545695717234185e-07
7.863865989294008499e-07
8.374073652734320320e-07
8.925826869205665429e-07
9.523196489011528342e-07
1.017071918343668541e-06
1.087345826820412136e-06
1.163707341479099436e-06
1.246790067706903139e-06
1.337304450795956370e-06
1.436048373308963657e-06
1.543919379412786096e-06
1.661928798331975704e-06
1.791218087408334431e-06
1.933077772343900896e-06
2.088969429539098133e-06
2.260551234669134355e-06
2.449707694558320268e-06
2.658584287856201775e-06
2.889627865736424426e-06
3.145633808208018408e-06
3.429801095203023232e-06
3.745796633356904697e-06
4.097830375490728258e-06
4.490742971612641322e-06
4.930107881227834633e-06
5.422350027409904705e-06
5.974883133168423052e-06
6.596267766609202210e-06
7.296391696727022442e-06
8.086673205770587492e-06
8.980286162785566104e-06
9.992402369779825806e-06
1.114044104285335489e-05
1.244430584264841243e-05
1.392657431623036776e-05
1.561257926524526674e-05
1.753028048780085245e-05
1.970975901022676080e-05
2.218205890061345024e-05
2.497692899908786818e-05
2.811873761903394825e-05
3.161938078656654095e-05
3.546626957765058278e-05
3.960228507590581834e-05
4.389263566837842118e-05
4.807035828246879612e-05
5.164698854394690912e-05
5.376642876235775099e-05
5.296630975323140671e-05
4.678927551718887253e-05
3.115276643933209455e-05
-6.637933460497632961e-07
-5.962055791440561456e-05
-1.633756557251072423e-04
-3.398497993833013387e-04
-6.317921994342103010e-04
-1.100753613354832090e-03
-1.823519669016984181e-03
-2.853300209871944930e-03
-4.022027375301225061e-03
-4.074330563137238369e-03
-0.000000000000000000e+00
4.074330563137238369e-03
4.022027375301225061e-03
2.853300209871944930e-03
1.823519669016984181e-03
1.100753613354832090e-03
6.317921994342103010e-04
3.398497993833013387e-04
1.633756557251072423e-04
5.962055791440561456e-05
6.637933460497632961e-07
-3.115276643933209455e-05
-4.678927551718887253e-05
-5.296630975323140671e-05
-5.376642876235775099e-05
-5.164698854394690912e-05
-4.807035828246879612e-05
-4.389263566837842118e-05
-3.960228507590581834e-05
-3.546626957765058278e-05
-3.161938078656654095e-05
-2.811873761903394825e-05
-2.497692899908786818e-05
-2.218205890061345024e-05
-1.970975901022676080e-05
-1.753028048780085245e-05
-1.561257926524526674e-05
-1.392657431623036776e-05
-1.244430584264841243e-05
-1.114044104285335489e-05
-9.992402369779825806e-06
-8.980286162785566104e-06
-8.086673205770587492e-06
-7.296391696727022442e-06
-6.596267766609202210e-06
-5.974883133168423052e-06
-5.422350027409904705e-06
-4.930107881227834633e-06
-4.490742971612641322e-06
-4.097830375490728258e-06
-3.745796633356904697e-06
-3.429801095203023232e-06
-3.145633808208018408e-06
-2.889627865736424426e-06
-2.658584287856201775e-06
-2.449707694558320268e-06
-2.260551234669134355e-06
-2.088969429539098133e-06
-1.933077772343900896e-06
-1.791218087408334431e-06
-1.661928798331975704e-06
-1.543919379412786096e-06
-1.436048373308963657e-06
-1.337304450795956370e-06
-1.246790067706903139e-06
-1.163707341479099436e-06
-1.087345826820412136e-06
-1.017071918343668541e-06
-9.523196489011528342e-07
-8.925826869205665429e-07
-8.374073652734320320e-07
-7.863865989294008499e-07
-7.391545695717234185e-07
-6.953820730678517061e-07
-6.547724407088408351e-07
