# Matter power spectrum P(k) at redshift z=0
# for k=1.02819e-05 to 105.289 h/Mpc,
# number of wavenumbers equal to 624
#    1:k (h/Mpc)              2:P (Mpc/h)^3        
       1.028185622909e-05       4.062494344921e+01 
       2.292362608534e-05       9.057326512724e+01 
       3.560828760542e-05       1.406888362113e+02 
       4.836871162854e-05       1.911002774418e+02 
       6.123829341056e-05       2.419381897774e+02 
       7.425123948468e-05       2.933362699525e+02 
       8.744286337900e-05       3.454324421521e+02 
       1.008498939898e-04       3.983700279487e+02 
       1.145108004402e-04       4.522989864476e+02 
       1.284661372837e-04       5.073772188099e+02 
       1.427589139274e-04       5.637719661414e+02 
       1.574349921059e-04       6.216612947718e+02 
       1.725435151069e-04       6.812356979680e+02 
       1.881373721651e-04       7.426998199390e+02 
       2.042737009284e-04       8.062742940552e+02 
       2.210144300569e-04       8.721977304816e+02 
       2.384268627075e-04       9.407288046517e+02 
       2.565842997080e-04       1.012148484888e+03 
       2.755666984251e-04       1.086762321589e+03 
       2.954613594086e-04       1.164902805834e+03 
       3.163636275512e-04       1.246931691841e+03 
       3.383775873987e-04       1.333242208648e+03 
       3.616167230514e-04       1.424261028489e+03 
       3.862045015520e-04       1.520449801049e+03 
       4.122748246812e-04       1.622306031277e+03 
       4.399722779238e-04       1.730362988975e+03 
       4.694520878688e-04       1.845188313388e+03 
       5.008796821419e-04       1.967380857424e+03 
       5.344297319924e-04       2.097565340504e+03 
       5.702845511268e-04       2.236384318237e+03 
       6.086317309585e-04       2.384487054099e+03 
       6.496609187058e-04       2.542515002422e+03 
       6.935596970390e-04       2.711083850217e+03 
       7.405086061108e-04       2.890762403651e+03 
       7.906754593871e-04       3.082049105484e+03 
       8.442092339807e-04       3.285347398031e+03 
       9.012339445199e-04       3.500941751905e+03 
       9.618430087101e-04       3.728976460674e+03 
       1.026094651636e-03       3.969439437539e+03 
       1.094008850266e-03       4.222153036517e+03 
       1.165566182719e-03       4.486773215180e+03 
       1.240708735874e-03       4.762795386696e+03 
       1.319342979432e-03       5.049533140991e+03 
       1.401344285732e-03       5.346262429069e+03 
       1.486562608957e-03       5.652126758204e+03 
       1.574828762325e-03       5.966206150636e+03 
       1.665960749640e-03       6.287545391611e+03 
       1.759769698314e-03       6.615179411886e+03 
       1.856065072773e-03       6.948155330607e+03 
       1.954658987774e-03       7.285550142593e+03 
       2.055369565667e-03       7.626484156858e+03 
       2.158023376380e-03       7.970131011042e+03 
       2.262457060233e-03       8.315721945274e+03 
       2.368518264944e-03       8.662551669017e+03 
       2.476066036375e-03       9.009972031132e+03 
       2.584970795220e-03       9.357401107810e+03 
       2.695114015810e-03       9.704310934475e+03 
       2.806387703506e-03       1.005022830794e+04 
       2.918693747237e-03       1.039473367100e+04 
       3.031943205484e-03       1.073744904305e+04 
       3.146055568483e-03       1.107804541213e+04 
       3.260958026758e-03       1.141622597143e+04 
       3.376584766142e-03       1.175173276527e+04 
       3.492876301982e-03       1.208433918419e+04 
       3.609778859657e-03       1.241384318456e+04 
       3.727243804616e-03       1.274007148626e+04 
       3.845227122414e-03       1.306287035103e+04 
       3.963688947416e-03       1.338211038278e+04 
       4.082593137699e-03       1.369767391564e+04 
       4.201906893053e-03       1.400946731076e+04 
       4.321600412638e-03       1.431740103702e+04 
       4.441646588792e-03       1.462141019928e+04 
       4.562020733544e-03       1.492143525068e+04 
       4.682700334552e-03       1.521739669236e+04 
       4.803664837402e-03       1.550928425084e+04 
       4.924895451436e-03       1.579708502415e+04 
       5.046374976562e-03       1.608074163810e+04 
       5.168087648701e-03       1.636025210830e+04 
       5.290019001810e-03       1.663567646459e+04 
       5.412155744608e-03       1.690692326917e+04 
       5.534485650354e-03       1.717397454057e+04 
       5.656997458202e-03       1.743628755027e+04 
       5.779680784837e-03       1.769499241628e+04 
       5.902526045239e-03       1.794953149649e+04 
       6.025524381540e-03       1.819988798455e+04 
       6.148667599099e-03       1.844617538137e+04 
       6.271948108978e-03       1.868833676619e+04 
       6.395358876124e-03       1.892622499933e+04 
       6.518893372638e-03       1.916025469428e+04 
       6.642545535578e-03       1.939013241860e+04 
       6.766309728813e-03       1.961667317369e+04 
       6.890180708501e-03       1.983859758865e+04 
       7.014153591796e-03       2.005668270230e+04 
       7.138223828473e-03       2.027107721360e+04 
       7.262387175144e-03       2.048133382488e+04 
       7.386639671820e-03       2.068773775051e+04 
       7.510977620572e-03       2.089017370801e+04 
       7.635397566081e-03       2.108890936533e+04 
       7.759896277901e-03       2.128365821752e+04 
       7.884470734249e-03       2.147477802854e+04 
       8.009118107195e-03       2.166211666602e+04 
       8.133835749101e-03       2.184664473607e+04 
       8.258621180198e-03       2.202667167490e+04 
       8.383472077199e-03       2.220309520207e+04 
       8.508386262837e-03       2.237588836338e+04 
       8.633361696262e-03       2.254513350040e+04 
       8.758396464208e-03       2.271085329183e+04 
       8.883488772857e-03       2.287312973108e+04 
       9.008636940352e-03       2.303178971485e+04 
       9.133839389889e-03       2.318709690234e+04 
       9.259094643344e-03       2.333903135342e+04 
       9.384401315392e-03       2.348755007192e+04 
       9.509758108064e-03       2.363271700353e+04 
       9.635163805723e-03       2.377361066106e+04 
       9.760617270406e-03       2.391319364975e+04 
       9.886117437517e-03       2.404860313281e+04 
       1.001166331183e-02       2.418068081019e+04 
       1.013725396381e-02       2.430968075018e+04 
       1.026288852613e-02       2.443539366499e+04 
       1.038856619052e-02       2.455816289102e+04 
       1.051428620483e-02       2.467683798008e+04 
       1.064004787021e-02       2.479344109631e+04 
       1.076585053862e-02       2.490798274947e+04 
       1.089169361044e-02       2.501841679856e+04 
       1.101757653221e-02       2.512586926031e+04 
       1.114349879467e-02       2.522970896548e+04 
       1.126945993077e-02       2.533144242622e+04 
       1.139545951390e-02       2.543009330657e+04 
       1.152149715629e-02       2.552726070676e+04 
       1.164757250740e-02       2.562042112414e+04 
       1.177368525255e-02       2.571085756568e+04 
       1.189983511152e-02       2.579866162351e+04 
       1.202602183736e-02       2.588344136873e+04 
       1.215224521523e-02       2.596485936326e+04 
       1.227850506131e-02       2.604534749512e+04 
       1.240480122181e-02       2.612139002477e+04 
       1.253113357205e-02       2.619649716022e+04 
       1.265750201560e-02       2.626842600682e+04 
       1.278390648348e-02       2.633653988269e+04 
       1.291034693342e-02       2.640425977836e+04 
       1.303682334920e-02       2.646841565029e+04 
       1.316333573999e-02       2.652901494850e+04 
       1.328988413979e-02       2.658906270359e+04 
       1.341646860691e-02       2.664549267163e+04 
       1.354308922342e-02       2.670041787397e+04 
       1.366974609479e-02       2.675136362143e+04 
       1.379643934941e-02       2.680220031809e+04 
       1.392316913825e-02       2.684976517578e+04 
       1.404993563452e-02       2.689487264363e+04 
       1.417673903336e-02       2.693662225715e+04 
       1.430357955158e-02       2.697824713218e+04 
       1.443045742743e-02       2.701607412816e+04 
       1.455737292036e-02       2.705240547353e+04 
       1.468432631085e-02       2.708690052637e+04 
       1.481131790029e-02       2.711748569651e+04 
       1.493834801080e-02       2.714769802099e+04 
       1.506541698514e-02       2.717653496598e+04 
       1.519252518666e-02       2.720107394943e+04 
       1.531967299921e-02       2.722587288466e+04 
       1.544686082709e-02       2.724640708868e+04 
       1.557408909511e-02       2.726577965040e+04 
       1.570135824851e-02       2.728352396639e+04 
       1.582866875303e-02       2.729930216747e+04 
       1.595602109498e-02       2.731458550471e+04 
       1.608341578125e-02       2.732590739187e+04 
       1.621085333945e-02       2.733560470632e+04 
       1.633833431798e-02       2.734484640958e+04 
       1.646585928616e-02       2.735048386751e+04 
       1.659342883438e-02       2.735641031513e+04 
       1.672104357425e-02       2.735797675120e+04 
       1.684870413879e-02       2.735913949535e+04 
       1.697641118259e-02       2.735892158870e+04 
       1.710416538205e-02       2.735627675880e+04 
       1.723196743558e-02       2.735240497967e+04 
       1.735981806386e-02       2.734794073250e+04 
       1.748771801012e-02       2.733951980172e+04 
       1.761566804035e-02       2.733179769811e+04 
       1.774366894367e-02       2.732122633948e+04 
       1.787172153257e-02       2.730935906176e+04 
       1.799982664330e-02       2.729511439701e+04 
       1.812798513615e-02       2.727954826737e+04 
       1.825619789584e-02       2.726299846622e+04 
       1.838446583190e-02       2.724490745845e+04 
       1.851278987906e-02       2.722540481238e+04 
       1.864117099765e-02       2.720463225358e+04 
       1.876961017400e-02       2.718194419816e+04 
       1.889810842095e-02       2.715910318022e+04 
       1.902666677827e-02       2.713299037744e+04 
       1.915528631311e-02       2.710677509157e+04 
       1.928396812057e-02       2.707959137968e+04 
       1.941271332416e-02       2.705039520178e+04 
       1.954152307635e-02       2.702026282405e+04 
       1.967039855913e-02       2.698820226337e+04 
       1.979934098457e-02       2.695459343210e+04 
       1.992835159544e-02       2.692036246192e+04 
       2.005743166578e-02       2.688487963519e+04 
       2.018658250158e-02       2.684808567002e+04 
       2.031580544140e-02       2.681092999701e+04 
       2.044510185708e-02       2.677123213135e+04 
       2.057447315441e-02       2.673131757599e+04 
       2.070392077385e-02       2.669015281256e+04 
       2.083344619133e-02       2.664799937127e+04 
       2.096305091892e-02       2.660433081617e+04 
       2.109273650575e-02       2.655985607336e+04 
       2.122250453870e-02       2.651432822582e+04 
       2.135235664334e-02       2.646847005077e+04 
       2.148229448477e-02       2.642018834119e+04 
       2.161231976851e-02       2.637164741021e+04 
       2.174243424143e-02       2.632241143619e+04 
       2.187263969274e-02       2.627157050586e+04 
       2.200293795492e-02       2.622078012835e+04 
       2.213333090478e-02       2.616779703728e+04 
       2.226382046450e-02       2.611452111510e+04 
       2.239440860272e-02       2.606073589097e+04 
       2.252509733563e-02       2.600619914739e+04 
       2.265588872814e-02       2.594949761121e+04 
       2.278678489509e-02       2.589342268036e+04 
       2.291778800242e-02       2.583530347810e+04 
       2.304890026850e-02       2.577771986042e+04 
       2.318012396537e-02       2.571788283985e+04 
       2.331146142014e-02       2.565877754327e+04 
       2.344291501635e-02       2.559738024110e+04 
       2.357448719540e-02       2.553600868552e+04 
       2.370618045804e-02       2.547391672157e+04 
       2.383799736590e-02       2.541114359512e+04 
       2.396994054304e-02       2.534775173426e+04 
       2.410201267761e-02       2.528402076837e+04 
       2.423421652351e-02       2.521869898009e+04 
       2.436655490213e-02       2.515322627685e+04 
       2.449903070413e-02       2.508715978198e+04 
       2.463164689130e-02       2.502036978147e+04 
       2.476440649850e-02       2.495306613472e+04 
       2.489731263556e-02       2.488516760773e+04 
       2.503036848940e-02       2.481668512825e+04 
       2.516357732611e-02       2.474762920157e+04 
       2.529694249311e-02       2.467836772626e+04 
       2.543046742143e-02       2.460790854781e+04 
       2.556415562807e-02       2.453726952555e+04 
       2.569801071834e-02       2.446609756790e+04 
       2.583203638843e-02       2.439445950905e+04 
       2.596623642796e-02       2.432237489972e+04 
       2.610061472266e-02       2.424969862782e+04 
       2.623517525713e-02       2.417670900746e+04 
       2.636992211774e-02       2.410328313776e+04 
       2.650485949557e-02       2.402939162341e+04 
       2.663999168948e-02       2.395498949733e+04 
       2.677532310935e-02       2.388066677438e+04 
       2.691085827932e-02       2.380541889202e+04 
       2.704660184128e-02       2.372962443419e+04 
       2.718255855838e-02       2.365379815074e+04 
       2.731873331873e-02       2.357753539940e+04 
       2.745513113922e-02       2.350096767038e+04 
       2.759175716952e-02       2.342415164903e+04 
       2.772861669615e-02       2.334712227503e+04 
       2.786571514680e-02       2.326956012292e+04 
       2.800305809477e-02       2.319160308661e+04 
       2.814065126356e-02       2.311359206874e+04 
       2.827850053172e-02       2.303507436865e+04 
       2.841661193776e-02       2.295656448746e+04 
       2.855499168544e-02       2.287756416111e+04 
       2.869364614908e-02       2.279825937333e+04 
       2.883258187923e-02       2.271881197078e+04 
       2.897180560847e-02       2.263917841728e+04 
       2.911132425755e-02       2.255925790940e+04 
       2.925114494169e-02       2.247918203163e+04 
       2.939127497719e-02       2.239883362263e+04 
       2.953172188832e-02       2.231822609143e+04 
       2.967249341449e-02       2.223765126122e+04 
       2.981359751776e-02       2.215678124963e+04 
       2.995504239059e-02       2.207570802643e+04 
       3.009683646406e-02       2.199440169337e+04 
       3.023898841634e-02       2.191302562069e+04 
       3.038150718158e-02       2.183154777477e+04 
       3.052440195921e-02       2.174994623411e+04 
       3.066768222362e-02       2.166820078054e+04 
       3.081135773435e-02       2.158644276971e+04 
       3.095543854669e-02       2.150430786557e+04 
       3.109993502279e-02       2.142220140712e+04 
       3.124485784329e-02       2.134006678934e+04 
       3.139021801953e-02       2.125779241035e+04 
       3.153602690629e-02       2.117543369774e+04 
       3.168229621522e-02       2.109286259994e+04 
       3.182903802885e-02       2.101036804907e+04 
       3.197626481530e-02       2.092768538901e+04 
       3.212398944383e-02       2.084507857966e+04 
       3.227222520100e-02       2.076236604755e+04 
       3.242098580778e-02       2.067952849048e+04 
       3.257028543748e-02       2.059678794155e+04 
       3.272013873466e-02       2.051393920937e+04 
       3.287056083495e-02       2.043127710944e+04 
       3.302156738596e-02       2.034814021909e+04 
       3.317317456938e-02       2.026512842739e+04 
       3.332539912412e-02       2.018221071771e+04 
       3.347825837086e-02       2.009940014371e+04 
       3.363177023784e-02       2.001622374978e+04 
       3.378595328823e-02       1.993316126300e+04 
       3.394082674884e-02       1.985013665819e+04 
       3.409641054072e-02       1.976709240974e+04 
       3.425272531126e-02       1.968415463440e+04 
       3.440979246840e-02       1.960110703607e+04 
       3.456763421671e-02       1.951826579748e+04 
       3.472627359569e-02       1.943516389219e+04 
       3.488573452033e-02       1.935225951397e+04 
       3.504604182423e-02       1.926952471343e+04 
       3.520722130534e-02       1.918619617091e+04 
       3.536929977455e-02       1.910337101624e+04 
       3.553230510739e-02       1.902038341070e+04 
       3.569626629907e-02       1.893751583813e+04 
       3.586121352304e-02       1.885479034688e+04 
       3.602717819344e-02       1.877189826934e+04 
       3.619419303176e-02       1.868903211554e+04 
       3.636229213791e-02       1.860623637266e+04 
       3.653151106621e-02       1.852343327194e+04 
       3.670188690668e-02       1.844069564777e+04 
       3.687345837198e-02       1.835800001207e+04 
       3.704626589063e-02       1.827534429754e+04 
       3.722035170685e-02       1.819279093500e+04 
       3.739575998785e-02       1.811007372768e+04 
       3.757253693902e-02       1.802742782918e+04 
       3.775073092779e-02       1.794503839845e+04 
       3.793039261706e-02       1.786229990181e+04 
       3.811157510886e-02       1.777980139957e+04 
       3.829433409945e-02       1.769734508530e+04 
       3.847872804676e-02       1.761481552278e+04 
       3.866481835150e-02       1.753234473688e+04 
       3.885266955312e-02       1.744985884346e+04 
       3.904234954228e-02       1.736732889409e+04 
       3.923392979140e-02       1.728488718955e+04 
       3.942748560519e-02       1.720242006322e+04 
       3.962309639317e-02       1.711991903429e+04 
       3.982084596664e-02       1.703742639994e+04 
       4.002082286273e-02       1.695510743031e+04 
       4.022312069830e-02       1.687238390060e+04 
       4.042783855743e-02       1.679002319350e+04 
       4.063508141591e-02       1.670732760628e+04 
       4.084496060727e-02       1.662458878393e+04 
       4.105759433523e-02       1.654183093833e+04 
       4.127310823805e-02       1.645915854230e+04 
       4.149163601122e-02       1.637649012617e+04 
       4.171332009580e-02       1.629331146687e+04 
       4.193831244066e-02       1.621033581039e+04 
       4.216677534828e-02       1.612725711174e+04 
       4.239888241525e-02       1.604402933355e+04 
       4.263481958009e-02       1.596071960832e+04 
       4.287478629332e-02       1.587721137437e+04 
       4.311899682700e-02       1.579355651057e+04 
       4.336768174376e-02       1.570979394571e+04 
       4.362108954874e-02       1.562585929006e+04 
       4.387948855200e-02       1.554170362171e+04 
       4.414316897381e-02       1.545724573470e+04 
       4.441244533075e-02       1.537265203292e+04 
       4.468765914812e-02       1.528760658128e+04 
       4.496918205220e-02       1.520257769076e+04 
       4.525741930661e-02       1.511692944753e+04 
       4.555281386928e-02       1.503139007695e+04 
       4.585585106264e-02       1.494497101880e+04 
       4.616706396803e-02       1.485809149323e+04 
       4.648703967949e-02       1.477092556227e+04 
       4.681642658099e-02       1.468331256422e+04 
       4.715594284790e-02       1.459517045311e+04 
       4.750638641878e-02       1.450672640098e+04 
       4.786864674137e-02       1.441699734454e+04 
       4.824371866852e-02       1.432715160685e+04 
       4.863271897149e-02       1.423651645408e+04 
       4.903690605431e-02       1.414462272666e+04 
       4.945770360062e-02       1.405221055250e+04 
       4.989672907282e-02       1.395855854776e+04 
       5.035582822378e-02       1.386369677145e+04 
       5.083711708661e-02       1.376766720402e+04 
       5.134303329469e-02       1.367009236309e+04 
       5.187639906779e-02       1.357087096268e+04 
       5.244049879457e-02       1.346982501511e+04 
       5.303917484706e-02       1.336656516557e+04 
       5.367694605009e-02       1.326037116413e+04 
       5.435915399485e-02       1.315197070311e+04 
       5.509214288251e-02       1.303985067548e+04 
       5.588347825914e-02       1.292353248812e+04 
       5.674220772747e-02       1.280247752535e+04 
       5.767916028925e-02       1.267416738006e+04 
       5.870726632500e-02       1.253859187357e+04 
       5.984185044451e-02       1.239223236038e+04 
       6.110079433012e-02       1.223268299742e+04 
       6.250437556796e-02       1.205490520598e+04 
       6.407446340812e-02       1.185458879866e+04 
       6.583264392210e-02       1.162324539662e+04 
       6.779691355659e-02       1.135358052917e+04 
       6.997710131396e-02       1.103481863152e+04 
       7.237030982419e-02       1.066140868918e+04 
       7.495880655882e-02       1.022926292044e+04 
       7.771242161902e-02       9.744836084014e+03 
       8.059491365511e-02       9.220728778770e+03 
       8.357110107710e-02       8.675491215991e+03 
       8.661162632878e-02       8.132132547897e+03 
       8.969450390871e-02       7.611822295138e+03 
       9.280445768654e-02       7.132218287720e+03 
       9.593139095799e-02       6.705653326688e+03 
       9.906884262370e-02       6.338782773323e+03 
       1.022127616626e-01       6.032391372015e+03 
       1.053606401396e-01       5.783341411754e+03 
       1.085109374205e-01       5.584071188682e+03 
       1.116627114873e-01       5.424653415382e+03 
       1.148153878999e-01       5.293920690768e+03 
       1.179686168691e-01       5.180007414642e+03 
       1.211221855194e-01       5.071876542153e+03 
       1.242759642813e-01       4.959636891317e+03 
       1.274298742289e-01       4.835778250351e+03 
       1.305838672122e-01       4.696401503890e+03 
       1.337379137828e-01       4.540009118730e+03 
       1.368919958615e-01       4.368112310911e+03 
       1.400461022852e-01       4.184717911712e+03 
       1.432002261030e-01       3.995191259072e+03 
       1.463543629341e-01       3.805755369664e+03 
       1.495085099701e-01       3.622473394734e+03 
       1.526626653685e-01       3.450679705224e+03 
       1.558168278836e-01       3.294531673917e+03 
       1.589709966415e-01       3.156567718594e+03 
       1.621251710027e-01       3.037771094137e+03 
       1.652793504782e-01       2.937716603325e+03 
       1.684335346774e-01       2.854729816182e+03 
       1.715877232763e-01       2.786121554496e+03 
       1.747419159972e-01       2.728375013366e+03 
       1.778961125963e-01       2.678121622146e+03 
       1.810503128555e-01       2.632321966026e+03 
       1.842045165767e-01       2.586644627368e+03 
       1.873587235785e-01       2.538269407126e+03 
       1.905129336936e-01       2.485140845680e+03 
       1.936671467667e-01       2.426153346724e+03 
       1.968213626534e-01       2.361215886957e+03 
       1.999755812187e-01       2.291200466826e+03 
       2.031298023366e-01       2.217580952472e+03 
       2.062840258887e-01       2.142321558548e+03 
       2.094382517641e-01       2.067429277396e+03 
       2.125924798586e-01       1.994755164743e+03 
       2.157467100740e-01       1.925855011987e+03 
       2.189009423181e-01       1.861970765712e+03 
       2.220551765036e-01       1.804040170964e+03 
       2.252094125485e-01       1.752420277758e+03 
       2.283636503752e-01       1.707178176449e+03 
       2.315178899103e-01       1.667642266606e+03 
       2.346721310845e-01       1.633195981178e+03 
       2.378263738321e-01       1.602722529984e+03 
       2.409806180910e-01       1.574972340865e+03 
       2.441348638023e-01       1.548665246863e+03 
       2.472891109099e-01       1.522803080016e+03 
       2.504433593608e-01       1.496434125959e+03 
       2.535976091046e-01       1.468880376231e+03 
       2.567518600932e-01       1.439781096082e+03 
       2.599061122812e-01       1.409040531200e+03 
       2.630603656252e-01       1.376635039409e+03 
       2.662146200837e-01       1.343026956804e+03 
       2.693688756174e-01       1.308764912383e+03 
       2.725231321888e-01       1.274462504621e+03 
       2.756773897621e-01       1.240772477798e+03 
       2.788316483030e-01       1.208368219294e+03 
       2.819859077788e-01       1.177712749315e+03 
       2.851401681585e-01       1.149158118025e+03 
       2.882944294122e-01       1.122836540797e+03 
       2.914486915113e-01       1.098733485289e+03 
       2.946029544285e-01       1.076772007913e+03 
       2.977572181378e-01       1.056636262893e+03 
       3.009114826140e-01       1.038112673864e+03 
       3.040657478332e-01       1.020721898413e+03 
       3.072200137724e-01       1.004177137196e+03 
       3.103742804095e-01       9.880644177229e+02 
       3.135285477233e-01       9.720367461625e+02 
       3.166828156936e-01       9.558507510237e+02 
       3.198370843007e-01       9.392978851012e+02 
       3.229913535261e-01       9.223400967474e+02 
       3.261456233515e-01       9.050045463071e+02 
       3.292998937598e-01       8.874054514753e+02 
       3.324541647342e-01       8.696625125849e+02 
       3.356084362587e-01       8.519936783525e+02 
       3.387627083179e-01       8.345310380952e+02 
       3.419169808968e-01       8.174964878631e+02 
       3.450712539813e-01       8.010117983954e+02 
       3.482255275574e-01       7.852504304927e+02 
       3.513798016120e-01       7.702987001928e+02 
       3.545340761320e-01       7.562043498800e+02 
       3.576883511053e-01       7.429571010280e+02 
       3.608426265198e-01       7.304704729504e+02 
       3.639969023641e-01       7.186219281343e+02 
       3.671511786269e-01       7.073168349496e+02 
       3.703054552977e-01       6.964161777591e+02 
       3.734597323659e-01       6.858052047431e+02 
       3.766140098216e-01       6.753903924482e+02 
       3.797682876550e-01       6.650805378982e+02 
       3.829225658568e-01       6.548257148612e+02 
       3.860768444180e-01       6.445439877275e+02 
       3.892311233297e-01       6.342470844201e+02 
       3.923854025834e-01       6.239380728828e+02 
       3.955396821710e-01       6.136513254339e+02 
       3.986939620846e-01       6.034089048804e+02 
       4.018482423163e-01       5.933145479774e+02 
       4.050025228587e-01       5.834041867349e+02 
       4.081568037046e-01       5.737157903408e+02 
       4.113110848470e-01       5.643196588379e+02 
       4.144653662791e-01       5.552089050890e+02 
       4.176196479943e-01       5.463991914478e+02 
       4.207739299863e-01       5.379131874597e+02 
       4.239282122487e-01       5.297412237733e+02 
       4.270824947756e-01       5.218737484508e+02 
       4.302367775612e-01       5.142861030139e+02 
       4.333910605998e-01       5.069624723957e+02 
       4.365453438858e-01       4.998067430861e+02 
       4.396996274140e-01       4.928311230731e+02 
       4.428539111792e-01       4.859762788782e+02 
       4.460081951762e-01       4.792054364437e+02 
       4.491624794003e-01       4.725237747011e+02 
       4.523167638466e-01       4.658974299454e+02 
       4.554710485105e-01       4.593188062126e+02 
       4.586253333875e-01       4.528163857984e+02 
       4.617796184732e-01       4.463632044416e+02 
       4.649339037633e-01       4.399759971680e+02 
       4.680881892538e-01       4.336625361543e+02 
       4.712424749406e-01       4.274680581217e+02 
       4.743967608196e-01       4.213770528536e+02 
       4.775510468872e-01       4.154393235449e+02 
       4.807053331396e-01       4.096569146345e+02 
       4.838596195732e-01       4.040240832498e+02 
       4.870139061844e-01       3.985529070353e+02 
       4.901681929698e-01       3.932295563002e+02 
       4.933224799260e-01       3.880417358907e+02 
       4.964767670498e-01       3.829821845050e+02 
       4.996310543381e-01       3.780421681186e+02 
       5.027853417876e-01       3.732052959420e+02 
       5.059396293954e-01       3.684666592199e+02 
       5.090939171584e-01       3.638050894368e+02 
       5.122482050740e-01       3.592096453285e+02 
       5.154024931391e-01       3.546655601256e+02 
       5.185567813512e-01       3.501765514808e+02 
       5.217110697074e-01       3.457391313755e+02 
       5.248653582053e-01       3.413581851818e+02 
       5.280196468422e-01       3.370391747768e+02 
       5.311739356158e-01       3.327868264926e+02 
       5.343282245234e-01       3.286067985285e+02 
       5.374825135629e-01       3.244922982183e+02 
       5.406368027318e-01       3.204486998444e+02 
       5.437910920280e-01       3.164782842728e+02 
       5.469453814491e-01       3.125836180624e+02 
       5.500996709931e-01       3.087669755895e+02 
       5.532539606578e-01       3.050336144979e+02 
       5.564082504413e-01       3.013791536170e+02 
       5.595625403413e-01       2.977979199877e+02 
       5.627168303561e-01       2.942873381894e+02 
       5.658711204837e-01       2.908363042371e+02 
       5.690254107222e-01       2.874443272893e+02 
       5.721797010697e-01       2.841060608011e+02 
       5.753339915245e-01       2.808224917603e+02 
       5.784882820848e-01       2.775908202885e+02 
       5.816425727488e-01       2.744086351852e+02 
       5.847968635150e-01       2.712718431238e+02 
       5.879511543816e-01       2.681766226722e+02 
       5.911054453471e-01       2.651210677961e+02 
       5.942597364098e-01       2.621053449549e+02 
       5.974140275682e-01       2.591317822190e+02 
       6.005683188208e-01       2.562035418487e+02 
       6.037226101661e-01       2.533223652742e+02 
       6.068769016027e-01       2.504891350000e+02 
       6.100311931292e-01       2.477026270468e+02 
       6.131854847441e-01       2.449613671623e+02 
       6.163397764462e-01       2.422632921129e+02 
       6.194940682340e-01       2.396093911932e+02 
       6.226483601062e-01       2.369998377775e+02 
       6.258026520616e-01       2.344360305172e+02 
       6.289569440990e-01       2.319140917349e+02 
       6.321112362170e-01       2.294353325210e+02 
       6.352655284146e-01       2.269949358466e+02 
       6.384198206904e-01       2.245898758049e+02 
       6.415741130434e-01       2.222178031142e+02 
       6.447284054724e-01       2.198777049371e+02 
       6.478826979764e-01       2.175697871574e+02 
       6.510369905541e-01       2.152956104847e+02 
       6.541912832046e-01       2.130546470648e+02 
       6.573455759267e-01       2.108461844948e+02 
       6.604998687196e-01       2.086679658033e+02 
       6.636541615820e-01       2.065184972537e+02 
       6.668084545132e-01       2.043972142224e+02 
       6.699627475120e-01       2.023046410634e+02 
       6.731170405776e-01       2.002421013078e+02 
       6.762713337089e-01       1.982115960342e+02 
       6.794256269052e-01       1.962112893121e+02 
       6.825799201654e-01       1.942415357662e+02 
       6.857342134887e-01       1.923004500972e+02 
       6.888885068743e-01       1.903864197118e+02 
       6.920428003212e-01       1.884983990640e+02 
       6.951970938287e-01       1.866365174768e+02 
       6.983513873958e-01       1.848011937825e+02 
       7.015056810219e-01       1.829927162416e+02 
       7.046599747061e-01       1.812106718869e+02 
       7.078142684476e-01       1.794537616536e+02 
       7.109685622457e-01       1.777203720185e+02 
       7.141228560996e-01       1.760086300624e+02 
       7.172771500086e-01       1.743177176726e+02 
       7.204314439720e-01       1.726481389514e+02 
       7.235857379890e-01       1.710006734089e+02 
       7.267400320589e-01       1.693753324890e+02 
       7.298943261811e-01       1.677733126731e+02 
       7.330486203549e-01       1.661928177465e+02 
       7.362029145795e-01       1.646326981844e+02 
       7.393572088545e-01       1.630919048021e+02 
       7.425115031791e-01       1.615702518702e+02 
       8.119898945646e-01       1.325835083292e+02 
       9.129110473709e-01       1.020398722868e+02 
       1.073768456362e+00       7.063923928286e+01 
       1.327035764737e+00       4.335920190820e+01 
       1.668742058265e+00       2.532902115577e+01 
       2.100791290670e+00       1.462515009410e+01 
       2.644739447303e+00       8.375864738969e+00 
       3.329529697746e+00       4.761448665237e+00 
       4.191629545816e+00       2.688811870934e+00 
       5.276948952055e+00       1.508985074690e+00 
       6.643285132482e+00       8.421664426934e-01 
       8.363400471076e+00       4.676072444339e-01 
       1.052889738205e+01       2.584073929730e-01 
       1.325509647243e+01       1.421717296691e-01 
       1.668717778493e+01       7.789980647193e-02 
       2.100791216458e+01       4.251909932572e-02 
       2.644739447273e+01       2.312189237053e-02 
       3.329529697746e+01       1.252781953125e-02 
       4.191629545816e+01       6.762653549523e-03 
       5.276948952055e+01       3.636036505455e-03 
       6.643285132482e+01       1.946415018447e-03 
       8.363400471076e+01       1.036312375391e-03 
       1.052889738205e+02       5.479541925215e-04 
