# Matter power spectrum P(k) at redshift z=0.61
# for k=1.04735e-05 to 109.569 h/Mpc,
# number of wavenumbers equal to 586
#    1:k (h/Mpc)              2:P (Mpc/h)^3        
       1.047351731994e-05       2.548895199905e+01 
       2.340743913420e-05       5.537960703790e+01 
       3.638716748480e-05       8.476399176204e+01 
       4.944791378377e-05       1.139526674753e+02 
       6.262547613581e-05       1.431236147097e+02 
       7.595656116047e-05       1.724110293509e+02 
       8.947911617944e-05       2.019302173370e+02 
       1.032326762210e-04       2.317878128693e+02 
       1.172587303275e-04       2.620870195989e+02 
       1.316011116848e-04       2.929308140741e+02 
       1.463064160994e-04       3.244241726109e+02 
       1.614244532804e-04       3.566758217957e+02 
       1.770087351978e-04       3.897997383510e+02 
       1.931170053927e-04       4.239165279871e+02 
       2.098118124213e-04       4.591547530808e+02 
       2.271611294778e-04       4.956522456155e+02 
       2.452390204812e-04       5.335574308990e+02 
       2.641263503068e-04       5.730306606791e+02 
       2.839115330950e-04       6.142455498381e+02 
       3.046913073430e-04       6.573902881607e+02 
       3.265715193731e-04       7.026688896033e+02 
       3.496678873628e-04       7.503023105939e+02 
       3.741067060224e-04       8.005293483012e+02 
       4.000254369668e-04       8.536071997676e+02 
       4.275731119149e-04       9.098115240958e+02 
       4.569104556571e-04       9.694358167895e+02 
       4.882096147796e-04       1.032789863470e+03 
       5.216533592001e-04       1.100197023531e+03 
       5.574336111076e-04       1.171990068664e+03 
       5.957491561832e-04       1.248505345184e+03 
       6.368024128256e-04       1.330075063745e+03 
       6.807951847174e-04       1.417017688549e+03 
       7.279234067888e-04       1.509626547898e+03 
       7.783710154798e-04       1.608157085279e+03 
       8.323032229236e-04       1.712813460845e+03 
       8.898596308005e-04       1.823735440586e+03 
       9.511477507798e-04       1.940986838651e+03 
       1.016237566123e-03       2.064546718832e+03 
       1.085157739717e-03       2.194304482322e+03 
       1.157893933083e-03       2.330059625112e+03 
       1.234389463579e-03       2.471526357674e+03 
       1.314548237718e-03       2.618342868584e+03 
       1.398239619509e-03       2.770071406887e+03 
       1.485304683764e-03       2.926242262805e+03 
       1.575563203249e-03       3.086358893495e+03 
       1.668820731233e-03       3.249901308438e+03 
       1.764875244855e-03       3.416348448622e+03 
       1.863522970598e-03       3.585190292998e+03 
       1.964563180755e-03       3.755937330105e+03 
       2.067801897985e-03       3.928127226249e+03 
       2.173054556912e-03       4.101329351933e+03 
       2.280147742849e-03       4.275147170781e+03 
       2.388920162772e-03       4.449219396589e+03 
       2.499223011227e-03       4.623219266626e+03 
       2.610919883542e-03       4.796854085876e+03 
       2.723886368643e-03       4.969862870095e+03 
       2.838009429999e-03       5.142014808997e+03 
       2.953186659667e-03       5.313105369198e+03 
       3.069325469253e-03       5.482956299408e+03 
       3.186342263839e-03       5.651410397993e+03 
       3.304161630640e-03       5.818331011685e+03 
       3.422715563174e-03       5.983601054039e+03 
       3.541942733498e-03       6.147117376435e+03 
       3.661787819128e-03       6.308791596479e+03 
       3.782200887106e-03       6.468549729002e+03 
       3.903136834842e-03       6.626326321143e+03 
       4.024554885575e-03       6.782068477393e+03 
       4.146418135170e-03       6.935730193956e+03 
       4.268693146425e-03       7.087273922872e+03 
       4.391349586775e-03       7.236668990268e+03 
       4.514359905341e-03       7.383891101942e+03 
       4.637699045358e-03       7.528925776340e+03 
       4.761344188283e-03       7.671752300094e+03 
       4.885274526161e-03       7.812366467548e+03 
       5.009471059116e-03       7.950758199071e+03 
       5.133916415147e-03       8.086929126804e+03 
       5.258594689683e-03       8.220878924808e+03 
       5.383491302649e-03       8.352608674175e+03 
       5.508592871017e-03       8.482125223592e+03 
       5.633887095065e-03       8.609462216337e+03 
       5.759362656773e-03       8.734673422566e+03 
       5.885009128951e-03       8.857574869218e+03 
       6.010816893888e-03       8.978226185762e+03 
       6.136777070431e-03       9.096708606439e+03 
       6.262881448544e-03       9.213075362505e+03 
       6.389122430502e-03       9.327332212354e+03 
       6.515492978000e-03       9.439479544810e+03 
       6.641986564499e-03       9.549489400571e+03 
       6.768597132253e-03       9.657415271594e+03 
       6.895319053508e-03       9.763628338745e+03 
       7.022147095415e-03       9.867700627099e+03 
       7.149076388277e-03       9.969658320343e+03 
       7.276102396759e-03       1.006962116169e+04 
       7.403220893776e-03       1.016750042517e+04 
       7.530427936763e-03       1.026338596679e+04 
       7.657719846094e-03       1.035734148494e+04 
       7.785093185431e-03       1.044935570110e+04 
       7.912544743812e-03       1.053947083937e+04 
       8.040071519298e-03       1.062769866922e+04 
       8.167670704038e-03       1.071406140263e+04 
       8.295339670612e-03       1.079861965834e+04 
       8.423075959523e-03       1.088128495733e+04 
       8.550877267735e-03       1.096213316778e+04 
       8.678741438163e-03       1.104118364989e+04 
       8.806666450016e-03       1.111845857057e+04 
       8.934650409929e-03       1.119397687424e+04 
       9.062691543801e-03       1.126775466790e+04 
       9.190788189276e-03       1.133980504763e+04 
       9.318938788829e-03       1.141016770590e+04 
       9.447141883372e-03       1.147884967712e+04 
       9.575396106365e-03       1.154586045420e+04 
       9.703700178372e-03       1.161122881439e+04 
       9.832052902031e-03       1.167495882764e+04 
       9.960453157397e-03       1.173712568698e+04 
       1.008889989764e-02       1.179766370417e+04 
       1.021739214505e-02       1.185665061703e+04 
       1.034592898734e-02       1.191393407001e+04 
       1.047450957423e-02       1.196997079298e+04 
       1.060313311425e-02       1.202434770859e+04 
       1.073179887180e-02       1.207722603738e+04 
       1.086050616441e-02       1.212860424990e+04 
       1.098925436019e-02       1.217853664176e+04 
       1.111804287546e-02       1.222699565361e+04 
       1.124687117257e-02       1.227402339894e+04 
       1.137573875782e-02       1.231964311544e+04 
       1.150464517960e-02       1.236386915725e+04 
       1.163359002661e-02       1.240671664973e+04 
       1.176257292618e-02       1.244818217744e+04 
       1.189159354280e-02       1.248831242329e+04 
       1.202065157666e-02       1.252706616340e+04 
       1.214974676232e-02       1.256454443107e+04 
       1.227887886751e-02       1.260056476426e+04 
       1.240804769196e-02       1.263557080304e+04 
       1.253725306635e-02       1.266914292909e+04 
       1.266649485135e-02       1.270147533665e+04 
       1.279577293663e-02       1.273243473825e+04 
       1.292508724011e-02       1.276229662046e+04 
       1.305443770708e-02       1.279109629412e+04 
       1.318382430956e-02       1.281838130333e+04 
       1.331324704556e-02       1.284478210171e+04 
       1.344270593848e-02       1.286969057226e+04 
       1.357220103656e-02       1.289362929875e+04 
       1.370173241236e-02       1.291660653629e+04 
       1.383130016222e-02       1.293804129839e+04 
       1.396090440591e-02       1.295865384948e+04 
       1.409054528613e-02       1.297808707539e+04 
       1.422022296826e-02       1.299640597069e+04 
       1.434993763993e-02       1.301334598712e+04 
       1.447968951079e-02       1.302989680107e+04 
       1.460947881223e-02       1.304529316860e+04 
       1.473930579715e-02       1.305942664986e+04 
       1.486917073977e-02       1.307252891579e+04 
       1.499907393542e-02       1.308412829466e+04 
       1.512901570044e-02       1.309577161672e+04 
       1.525899637203e-02       1.310567068654e+04 
       1.538901630818e-02       1.311476177120e+04 
       1.551907588757e-02       1.312271099909e+04 
       1.564917550952e-02       1.313052947705e+04 
       1.577931559401e-02       1.313688442298e+04 
       1.590949658161e-02       1.314196121899e+04 
       1.603971893355e-02       1.314624299781e+04 
       1.616998313173e-02       1.315012306727e+04 
       1.630028967877e-02       1.315299153562e+04 
       1.643063909811e-02       1.315457858781e+04 
       1.656103193409e-02       1.315564768581e+04 
       1.669146875206e-02       1.315572450812e+04 
       1.682195013851e-02       1.315514911866e+04 
       1.695247670125e-02       1.315364167307e+04 
       1.708304906952e-02       1.315131241472e+04 
       1.721366789423e-02       1.314818184180e+04 
       1.734433384812e-02       1.314431173571e+04 
       1.747504762601e-02       1.313983274937e+04 
       1.760580994501e-02       1.313415781941e+04 
       1.773662154480e-02       1.312798637528e+04 
       1.786748318785e-02       1.312116184245e+04 
       1.799839565976e-02       1.311344918910e+04 
       1.812935976953e-02       1.310485529937e+04 
       1.826037634990e-02       1.309570704490e+04 
       1.839144625766e-02       1.308580541923e+04 
       1.852257037400e-02       1.307529014693e+04 
       1.865374960492e-02       1.306424251812e+04 
       1.878498488157e-02       1.305234270534e+04 
       1.891627716068e-02       1.303977544573e+04 
       1.904762742497e-02       1.302638427193e+04 
       1.917903668358e-02       1.301271006467e+04 
       1.931050597254e-02       1.299822705343e+04 
       1.944203635524e-02       1.298312623448e+04 
       1.957362892291e-02       1.296740506965e+04 
       1.970528479514e-02       1.295106764931e+04 
       1.983700512040e-02       1.293397272996e+04 
       1.996879107659e-02       1.291639579201e+04 
       2.010064387163e-02       1.289839050602e+04 
       2.023256474401e-02       1.287976524751e+04 
       2.036455496339e-02       1.286035611878e+04 
       2.049661583128e-02       1.284077229690e+04 
       2.062874868164e-02       1.282053642586e+04 
       2.076095488158e-02       1.280001772372e+04 
       2.089323583201e-02       1.277840591819e+04 
       2.102559296841e-02       1.275651994237e+04 
       2.115802776152e-02       1.273429647000e+04 
       2.129054171813e-02       1.271140293575e+04 
       2.142313638184e-02       1.268815131435e+04 
       2.155581333391e-02       1.266444048069e+04 
       2.168857419404e-02       1.264022268010e+04 
       2.182142062129e-02       1.261551541083e+04 
       2.195435431493e-02       1.259047313366e+04 
       2.208737701537e-02       1.256491108333e+04 
       2.222049050510e-02       1.253927817746e+04 
       2.235369660969e-02       1.251261273847e+04 
       2.248699719875e-02       1.248588330771e+04 
       2.262039418702e-02       1.245862473388e+04 
       2.275388953541e-02       1.243101938388e+04 
       2.288748525209e-02       1.240299042382e+04 
       2.302118339367e-02       1.237466761917e+04 
       2.315498606635e-02       1.234612797420e+04 
       2.328889542710e-02       1.231678444280e+04 
       2.342291368497e-02       1.228729223427e+04 
       2.355704310234e-02       1.225758844635e+04 
       2.369128599624e-02       1.222734576964e+04 
       2.382564473976e-02       1.219684043128e+04 
       2.396012176342e-02       1.216626712594e+04 
       2.409471955666e-02       1.213491667953e+04 
       2.422944066933e-02       1.210345661946e+04 
       2.436428771324e-02       1.207173317215e+04 
       2.449926336379e-02       1.203965917425e+04 
       2.463437036160e-02       1.200737433861e+04 
       2.476961151422e-02       1.197474231632e+04 
       2.490498969791e-02       1.194184012901e+04 
       2.504050785947e-02       1.190865002444e+04 
       2.517616901810e-02       1.187525102716e+04 
       2.531197626734e-02       1.184176949573e+04 
       2.544793277713e-02       1.180765062063e+04 
       2.558404179583e-02       1.177348054924e+04 
       2.572030665240e-02       1.173905041522e+04 
       2.585673075862e-02       1.170440406561e+04 
       2.599331761136e-02       1.166952007189e+04 
       2.613007079499e-02       1.163445055146e+04 
       2.626699398383e-02       1.159914287917e+04 
       2.640409094464e-02       1.156363181752e+04 
       2.654136553932e-02       1.152807691919e+04 
       2.667882172759e-02       1.149220068818e+04 
       2.681646356983e-02       1.145593614493e+04 
       2.695429522998e-02       1.141971874447e+04 
       2.709232097856e-02       1.138326747213e+04 
       2.723054519580e-02       1.134665035020e+04 
       2.736897237493e-02       1.130991496465e+04 
       2.750760712546e-02       1.127305365613e+04 
       2.764645417674e-02       1.123585252035e+04 
       2.778551838153e-02       1.119861179664e+04 
       2.792480471975e-02       1.116122458313e+04 
       2.806431830242e-02       1.112386094621e+04 
       2.820406437562e-02       1.108605694923e+04 
       2.834404832474e-02       1.104832490608e+04 
       2.848427567880e-02       1.101033431043e+04 
       2.862475211498e-02       1.097233115453e+04 
       2.876548346330e-02       1.093434406302e+04 
       2.890647571153e-02       1.089610865667e+04 
       2.904773501022e-02       1.085762128345e+04 
       2.918926767802e-02       1.081924942656e+04 
       2.933108020712e-02       1.078061090319e+04 
       2.947317926897e-02       1.074196055095e+04 
       2.961557172025e-02       1.070325073087e+04 
       2.975826460900e-02       1.066449334877e+04 
       2.990126518113e-02       1.062550285148e+04 
       3.004458088705e-02       1.058658600723e+04 
       3.018821938872e-02       1.054749226530e+04 
       3.033218856694e-02       1.050838372473e+04 
       3.047649652890e-02       1.046928282236e+04 
       3.062115161618e-02       1.043000595738e+04 
       3.076616241298e-02       1.039070123858e+04 
       3.091153775478e-02       1.035134048679e+04 
       3.105728673736e-02       1.031202526072e+04 
       3.120341872625e-02       1.027250870485e+04 
       3.134994336655e-02       1.023308510766e+04 
       3.149687059328e-02       1.019370191618e+04 
       3.164421064212e-02       1.015397016592e+04 
       3.179197406071e-02       1.011437510009e+04 
       3.194017172047e-02       1.007489231388e+04 
       3.208881482898e-02       1.003528455320e+04 
       3.223791494288e-02       9.995517759136e+03 
       3.238748398155e-02       9.955915694978e+03 
       3.253753424128e-02       9.916097966818e+03 
       3.268807841027e-02       9.876395952335e+03 
       3.283912958428e-02       9.836594659993e+03 
       3.299070128317e-02       9.796871777499e+03 
       3.314280746815e-02       9.757155210416e+03 
       3.329546256005e-02       9.717346289471e+03 
       3.344868145841e-02       9.677590902481e+03 
       3.360247956165e-02       9.637841121922e+03 
       3.375687278828e-02       9.598141970050e+03 
       3.391187759922e-02       9.558304040596e+03 
       3.406751102139e-02       9.518610118844e+03 
       3.422379067250e-02       9.478729647722e+03 
       3.438073478725e-02       9.439066142363e+03 
       3.453836224503e-02       9.399359828259e+03 
       3.469669259906e-02       9.359566583091e+03 
       3.485574610736e-02       9.319799894461e+03 
       3.501554376532e-02       9.280096072509e+03 
       3.517610734033e-02       9.240389260255e+03 
       3.533745940834e-02       9.200788831964e+03 
       3.549962339264e-02       9.161057762891e+03 
       3.566262360500e-02       9.121515405460e+03 
       3.582648528929e-02       9.081748121762e+03 
       3.599123466777e-02       9.042154056578e+03 
       3.615689899035e-02       9.002644044782e+03 
       3.632350658692e-02       8.962950557826e+03 
       3.649108692302e-02       8.923391246698e+03 
       3.665967065914e-02       8.883926241290e+03 
       3.682928971394e-02       8.844354157408e+03 
       3.699997733162e-02       8.804860203657e+03 
       3.717176815392e-02       8.765441922760e+03 
       3.734469829692e-02       8.725903926337e+03 
       3.751880543328e-02       8.686456038553e+03 
       3.769412888017e-02       8.647073023663e+03 
       3.787070969345e-02       8.607652803488e+03 
       3.804859076874e-02       8.568230736917e+03 
       3.822781694972e-02       8.528889815518e+03 
       3.840843514462e-02       8.489539427517e+03 
       3.859049445137e-02       8.450214886155e+03 
       3.877404629234e-02       8.410901127773e+03 
       3.895914455951e-02       8.371590182653e+03 
       3.914584577108e-02       8.332305231973e+03 
       3.933420924051e-02       8.293025982114e+03 
       3.952429725934e-02       8.253743122554e+03 
       3.971617529500e-02       8.214481165766e+03 
       3.990991220520e-02       8.175240048860e+03 
       4.010558047050e-02       8.136016510249e+03 
       4.030325644698e-02       8.096706928708e+03 
       4.050302064112e-02       8.057483114846e+03 
       4.070495800910e-02       8.018186832878e+03 
       4.090915828347e-02       7.979033621327e+03 
       4.111571632974e-02       7.939606325357e+03 
       4.132473253675e-02       7.900396369403e+03 
       4.153631324413e-02       7.861029817985e+03 
       4.175057121162e-02       7.821666724082e+03 
       4.196762613478e-02       7.782304458883e+03 
       4.218760521293e-02       7.742875757328e+03 
       4.241064377555e-02       7.703420401557e+03 
       4.263688597448e-02       7.663963065046e+03 
       4.286648555021e-02       7.624493041955e+03 
       4.309960668193e-02       7.584842657669e+03 
       4.333642493230e-02       7.545200955845e+03 
       4.357712829978e-02       7.505458448678e+03 
       4.382191839325e-02       7.465661775888e+03 
       4.407101174607e-02       7.425797822343e+03 
       4.432464128963e-02       7.385827215415e+03 
       4.458305800972e-02       7.345831823306e+03 
       4.484653281304e-02       7.305529350442e+03 
       4.511535863615e-02       7.265245831803e+03 
       4.538985283471e-02       7.224824956470e+03 
       4.567035989798e-02       7.184297946301e+03 
       4.595725454196e-02       7.143439279536e+03 
       4.625094524480e-02       7.102564285897e+03 
       4.655187830057e-02       7.061426470987e+03 
       4.686054248287e-02       7.020066646690e+03 
       4.717747442854e-02       6.978578131814e+03 
       4.750326487512e-02       6.936750389138e+03 
       4.783856591437e-02       6.894740793917e+03 
       4.818409946016e-02       6.852421964063e+03 
       4.854066717423e-02       6.809639024936e+03 
       4.890916214912e-02       6.766638980437e+03 
       4.929058271936e-02       6.723239879791e+03 
       4.968604886135e-02       6.679461019497e+03 
       5.009682175679e-02       6.635047140156e+03 
       5.052432723957e-02       6.590298266775e+03 
       5.097018403103e-02       6.544788950944e+03 
       5.143623790431e-02       6.498794927539e+03 
       5.192460321867e-02       6.452025460869e+03 
       5.243771364478e-02       6.404407430108e+03 
       5.297838437871e-02       6.356009514031e+03 
       5.354988873076e-02       6.306376463181e+03 
       5.415605267857e-02       6.255662008898e+03 
       5.480137176968e-02       6.203618558647e+03 
       5.549115555878e-02       6.149953404752e+03 
       5.623170534897e-02       6.094433679240e+03 
       5.703053087773e-02       6.036742241854e+03 
       5.789660972060e-02       5.976403973420e+03 
       5.884068755889e-02       5.912510585470e+03 
       5.987560431018e-02       5.844764109440e+03 
       6.101660394657e-02       5.771621968907e+03 
       6.228153469986e-02       5.692092644187e+03 
       6.369075990322e-02       5.603971173779e+03 
       6.526647607832e-02       5.504731338007e+03 
       6.703101339994e-02       5.391552014622e+03 
       6.900371348073e-02       5.260309174033e+03 
       7.119641238802e-02       5.107636593960e+03 
       7.360861972775e-02       4.930248975870e+03 
       7.622474376016e-02       4.727518101535e+03 
       7.901570463513e-02       4.501347351914e+03 
       8.194493791359e-02       4.258007741502e+03 
       8.497582793569e-02       4.005896996643e+03 
       8.807712855771e-02       3.755112710043e+03 
       9.122506666948e-02       3.515118119361e+03 
       9.440294517792e-02       3.293540203826e+03 
       9.759964985482e-02       3.096118980238e+03 
       1.008080362680e-01       2.925458005975e+03 
       1.040236122901e-01       2.782030831661e+03 
       1.072435920750e-01       2.664126321588e+03 
       1.104662624793e-01       2.568421537564e+03 
       1.136905753695e-01       2.490584419463e+03 
       1.169158913904e-01       2.425577724022e+03 
       1.201418211756e-01       2.368215550157e+03 
       1.233681277699e-01       2.313526941282e+03 
       1.265946669723e-01       2.257466328593e+03 
       1.298213509736e-01       2.196867254294e+03 
       1.330481262333e-01       2.129932627755e+03 
       1.362749600337e-01       2.056197182080e+03 
       1.395018323137e-01       1.976347480553e+03 
       1.427287307093e-01       1.892114778309e+03 
       1.459556475425e-01       1.805846923573e+03 
       1.491825779928e-01       1.720215408069e+03 
       1.524095189864e-01       1.637732421893e+03 
       1.556364685211e-01       1.560602019644e+03 
       1.588634252553e-01       1.490523006157e+03 
       1.620903882581e-01       1.428504101217e+03 
       1.653173568566e-01       1.374815569715e+03 
       1.685443305423e-01       1.329243446469e+03 
       1.717713089139e-01       1.290989402748e+03 
       1.749982916417e-01       1.258779382325e+03 
       1.782252784455e-01       1.231230140606e+03 
       1.814522690806e-01       1.206735564016e+03 
       1.846792633293e-01       1.183892453188e+03 
       1.879062609943e-01       1.161312898950e+03 
       1.911332618956e-01       1.137629709657e+03 
       1.943602658671e-01       1.112088293248e+03 
       1.975872727552e-01       1.084207121530e+03 
       2.008142824168e-01       1.054017003935e+03 
       2.040412947185e-01       1.021954486813e+03 
       2.072683095357e-01       9.886133500848e+02 
       2.104953267514e-01       9.548163787427e+02 
       2.137223462560e-01       9.214740327089e+02 
       2.169493679465e-01       8.893133937520e+02 
       2.201763917260e-01       8.589540559600e+02 
       2.234034175034e-01       8.308581326949e+02 
       2.266304451926e-01       8.053256109758e+02 
       2.298574747126e-01       7.824589787155e+02 
       2.330845059868e-01       7.621859564245e+02 
       2.363115389428e-01       7.443036904291e+02 
       2.395385735122e-01       7.284852650209e+02 
       2.427656096303e-01       7.142633672160e+02 
       2.459926472356e-01       7.011307812605e+02 
       2.492196862701e-01       6.885942937244e+02 
       2.524467266786e-01       6.762190284705e+02 
       2.556737684087e-01       6.636091141005e+02 
       2.589008114107e-01       6.505400485917e+02 
       2.621278556374e-01       6.369312714527e+02 
       2.653549010438e-01       6.227130747126e+02 
       2.685819475871e-01       6.079744369256e+02 
       2.718089952266e-01       5.928960553590e+02 
       2.750360439235e-01       5.776262349245e+02 
       2.782630936407e-01       5.624831428593e+02 
       2.814901443431e-01       5.476973741964e+02 
       2.847171959968e-01       5.335019618132e+02 
       2.879442485698e-01       5.200947021580e+02 
       2.911713020313e-01       5.075905366505e+02 
       2.943983563519e-01       4.960338340334e+02 
       2.976254115036e-01       4.854105519300e+02 
       3.008524674594e-01       4.756317017081e+02 
       3.040795241936e-01       4.665916508818e+02 
       3.073065816815e-01       4.581398208866e+02 
       3.105336398997e-01       4.501512723217e+02 
       3.137606988253e-01       4.424715514070e+02 
       3.169877584367e-01       4.349628088155e+02 
       3.202148187130e-01       4.275062847492e+02 
       3.234418796343e-01       4.200053349212e+02 
       3.266689411813e-01       4.123901169020e+02 
       3.298960033356e-01       4.046482178761e+02 
       3.331230660794e-01       3.968005009330e+02 
       3.363501293957e-01       3.888951727766e+02 
       3.395771932682e-01       3.809983843862e+02 
       3.428042576809e-01       3.731942125156e+02 
       3.460313226188e-01       3.655282007910e+02 
       3.492583880672e-01       3.580852061949e+02 
       3.524854540120e-01       3.508941398167e+02 
       3.557125204397e-01       3.440231349049e+02 
       3.589395873371e-01       3.374835709087e+02 
       3.621666546917e-01       3.312983127898e+02 
       3.653937224913e-01       3.254396051028e+02 
       3.686207907242e-01       3.198810100863e+02 
       3.718478593789e-01       3.145896564220e+02 
       3.750749284447e-01       3.095160331746e+02 
       3.783019979109e-01       3.045914043414e+02 
       3.815290677673e-01       2.997773846018e+02 
       3.847561380041e-01       2.950348071195e+02 
       3.879832086117e-01       2.903366294279e+02 
       3.912102795809e-01       2.856768224598e+02 
       3.944373509029e-01       2.810341569375e+02 
       3.976644225689e-01       2.764097952994e+02 
       4.008914945707e-01       2.718071791765e+02 
       4.041185669001e-01       2.672379588724e+02 
       4.073456395494e-01       2.627202761486e+02 
       4.105727125109e-01       2.582753287957e+02 
       4.137997857774e-01       2.539213890757e+02 
       4.170268593418e-01       2.496842360154e+02 
       4.202539331971e-01       2.455752220271e+02 
       4.234810073366e-01       2.416027365723e+02 
       4.267080817540e-01       2.377525105514e+02 
       4.299351564429e-01       2.340342478078e+02 
       4.331622313972e-01       2.304386850349e+02 
       4.363893066110e-01       2.269588343660e+02 
       4.396163820786e-01       2.235923642501e+02 
       4.428434577944e-01       2.203174325550e+02 
       4.460705337531e-01       2.171285089466e+02 
       4.492976099492e-01       2.140076319762e+02 
       4.525246863779e-01       2.109377145391e+02 
       4.557517630340e-01       2.079124843576e+02 
       4.589788399129e-01       2.049241218486e+02 
       4.622059170097e-01       2.019690759665e+02 
       4.654329943200e-01       1.990477537602e+02 
       4.686600718394e-01       1.961623798284e+02 
       4.718871495634e-01       1.933155758770e+02 
       4.751142274880e-01       1.905138160722e+02 
       4.783413056091e-01       1.877509888751e+02 
       4.815683839227e-01       1.850358651555e+02 
       4.847954624249e-01       1.823834074245e+02 
       4.880225411120e-01       1.797862002807e+02 
       4.912496199804e-01       1.772495006177e+02 
       4.944766990264e-01       1.747850383799e+02 
       4.977037782467e-01       1.723880068138e+02 
       5.009308576378e-01       1.700570301756e+02 
       5.041579371964e-01       1.677739464475e+02 
       5.073850169194e-01       1.655508448034e+02 
       5.106120968035e-01       1.633691915948e+02 
       5.138391768459e-01       1.612289866114e+02 
       5.170662570434e-01       1.591291878715e+02 
       5.202933373932e-01       1.570601159156e+02 
       5.235204178925e-01       1.550296771879e+02 
       5.267474985386e-01       1.530262017652e+02 
       5.299745793286e-01       1.510489521297e+02 
       5.332016602601e-01       1.490968110222e+02 
       5.364287413304e-01       1.471711824741e+02 
       5.396558225370e-01       1.452742686102e+02 
       5.428829038776e-01       1.434078641016e+02 
       5.461099853497e-01       1.415759390171e+02 
       5.493370669509e-01       1.397821835135e+02 
       5.525641486792e-01       1.380189927072e+02 
       5.557912305321e-01       1.362849234080e+02 
       5.590183125076e-01       1.345908306220e+02 
       5.622453946035e-01       1.329248315273e+02 
       5.654724768178e-01       1.312922321065e+02 
       5.686995591484e-01       1.296917882160e+02 
       5.719266415934e-01       1.281231173353e+02 
       5.751537241508e-01       1.265843916633e+02 
       5.783808068188e-01       1.250696134385e+02 
       5.816078895955e-01       1.235832346969e+02 
       5.848349724791e-01       1.221233444616e+02 
       5.880620554678e-01       1.206821685545e+02 
       5.912891385599e-01       1.192596160262e+02 
       5.945162217538e-01       1.178628115846e+02 
       5.977433050477e-01       1.164877747970e+02 
       6.009703884401e-01       1.151338405621e+02 
       6.041974719294e-01       1.137997832054e+02 
       6.074245555139e-01       1.124846767985e+02 
       6.106516391923e-01       1.111913705611e+02 
       6.138787229631e-01       1.099142208717e+02 
       6.171058068246e-01       1.086572947438e+02 
       6.203328907757e-01       1.074187032239e+02 
       6.235599748148e-01       1.062045988568e+02 
       6.267870589406e-01       1.050116443217e+02 
       6.300141431517e-01       1.038385998828e+02 
       6.662947331891e-01       9.184979044649e+01 
       7.097375301825e-01       7.987485922845e+01 
       7.641805761087e-01       6.775068203027e+01 
       8.370107199388e-01       5.521151277082e+01 
       9.435785033119e-01       4.204572515061e+01 
       1.114247901652e+00       2.866289908193e+01 
       1.380604337913e+00       1.734422373335e+01 
       1.736571666787e+00       1.003575653035e+01 
       2.186192605794e+00       5.743526149723e+00 
       2.752253368724e+00       3.260403851511e+00 
       3.464881705562e+00       1.837417878435e+00 
       4.362027627992e+00       1.028543908215e+00 
       5.491467427828e+00       5.722895885826e-01 
       6.913347892933e+00       3.166578763000e-01 
       8.703389342986e+00       1.743224504336e-01 
       1.095691801262e+01       9.551708969941e-02 
       1.379394252104e+01       5.210954058193e-02 
       1.736554476856e+01       2.831325720233e-02 
       2.186192559879e+01       1.532501395787e-02 
       2.752253368707e+01       8.264447006208e-03 
       3.464881705562e+01       4.440980732542e-03 
       4.362027627992e+01       2.377762019385e-03 
       5.491467427828e+01       1.268182793655e-03 
       6.913347892933e+01       6.735511469758e-04 
       8.703389342986e+01       3.559047238046e-04 
       1.095691801262e+02       1.868523392056e-04 
