-0.9982377097105593
-0.9907262386994571
-0.9772599499837744
-0.9579168192137917
-0.9328128082786766
-0.9020988069688742
-0.8659595032122596
-0.8246122308333117
-0.7783056514265194
-0.7273182551899271
-0.6719566846141796
-0.6125538896679803
-0.5494671250951282
-0.4830758016861787
-0.41377920437160487
-0.3419940908257586
-0.2681521850072537
-0.1926975807013711
-0.11608407067525528
-0.03877241750605087
0.03877241750605087
0.11608407067525528
0.1926975807013711
0.2681521850072537
0.3419940908257586
0.41377920437160487
0.4830758016861787
0.5494671250951282
0.6125538896679803
0.6719566846141796
0.7273182551899271
0.7783056514265194
0.8246122308333117
0.8659595032122596
0.9020988069688742
0.9328128082786766
0.9579168192137917
0.9772599499837744
0.9907262386994571
0.9982377097105593
0.004521277098530109
0.010498284531151222
0.016421058381906113
0.022245849194166736
0.02793700698002279
0.03346019528254864
0.03878216797447201
0.043870908185673504
0.048695807635072544
0.053227846983937295
0.05743976909939196
0.06130624249292931
0.06480401345660167
0.06791204581523452
0.0706116473912875
0.07288658239580449
0.07472316905796887
0.0761103619006268
0.07703981816424858
0.07750594797842539
0.07750594797842539
0.07703981816424858
0.0761103619006268
0.07472316905796887
0.07288658239580449
0.0706116473912875
0.06791204581523452
0.06480401345660167
0.06130624249292931
0.05743976909939196
0.053227846983937295
0.048695807635072544
0.043870908185673504
0.03878216797447201
0.03346019528254864
0.02793700698002279
0.022245849194166736
0.016421058381906113
0.010498284531151222
0.004521277098530109