-8.268586395647698188e-09
-8.598386929029585510e-09
-8.944091870370723049e-09
-9.306602828746548910e-09
-9.686880273482271266e-09
-1.008594789040640232e-08
-1.050489729911499032e-08
-1.094489316441347122e-08
-1.140717873845311690e-08
-1.189308187379878509e-08
-1.240402155179869682e-08
-1.294151497522357022e-08
-1.350718527926083102e-08
-1.410276992065065670e-08
-1.473012981110922942e-08
-1.539125926828150489e-08
-1.608829686539421934e-08
-1.682353726964652343e-08
-1.759944416930018777e-08
-1.841866440055110073e-08
-1.928404339773562262e-08
-2.019864210442689311e-08
-2.116575549871237316e-08
-2.218893290364745736e-08
-2.327200027381835054e-08
-2.441908467142731620e-08
-2.563464117068670667e-08
-2.692348245798004435e-08
-2.829081142768402229e-08
-2.974225711028318195e-08
-3.128391431106833989e-08
-3.292238738500683822e-08
-3.466483862714046216e-08
-3.651904181906155771e-08
-3.849344154176364050e-08
-4.059721894475055200e-08
-4.284036475223515263e-08
-4.523376039132628632e-08
-4.778926824634722232e-08
-5.051983218026656211e-08
-5.343958962146709941e-08
-5.656399669505226225e-08
-5.990996808648406388e-08
-6.349603356614984934e-08
-6.734251338188941316e-08
-7.147171504896817061e-08
-7.590815444105071403e-08
-8.067880452039472321e-08
-8.581337555145119107e-08
-9.134463123205499898e-08
-9.730874586563094806e-08
-1.037457085045087922e-07
-1.106997809403462670e-07
-1.182200175289773344e-07
-1.263608561452959384e-07
-1.351827911070745563e-07
-1.447531407309665677e-07
-1.551469243451412249e-07
-1.664478661488990479e-07
-1.787495463628864939e-07
-1.921567237551631640e-07
-2.067868579820869722e-07
-2.227718654007562926e-07
-2.402601482787595649e-07
-2.594189448784521625e-07
-2.804370570134415196e-07
-3.035280227203867419e-07
-3.289338151034892048e-07
-3.569291647472119065e-07
-3.878266230512637887e-07
-4.219825082976542758e-07
-4.598039063204544369e-07
-5.017569347196460309e-07
-5.483765254289341874e-07
-6.002780373977935112e-07
-6.581710821101486186e-07
-7.228760334090360032e-07
-7.953438045081962716e-07
-8.766796154862528877e-07
-9.681716522469393041e-07
-1.071325743730191437e-06
-1.187907472351589919e-06
-1.319993502130223693e-06
-1.470034384880797278e-06
-1.640931720824418553e-06
-1.836133351242046491e-06
-2.059751308529885744e-06
-2.316708626451670515e-06
-2.612922934464723332e-06
-2.955537181711348009e-06
-3.353211076334319120e-06
-3.816491188228939048e-06
-4.358283575799590293e-06
-4.994460865668398799e-06
-5.744646803850992478e-06
-6.633236653291236344e-06
-7.690733244176218224e-06
-8.955508638566689873e-06
-1.047614416407609073e-05
-1.231456284404888408e-05
-1.455025680840934251e-05
-1.728604151998650848e-05
-2.065595924437870002e-05
-2.483623828787475039e-05
-3.006064282077886937e-05
-3.664220150476317159e-05
-4.500431250176166210e-05
-5.572580228984686131e-05
-6.960702287258880509e-05
-8.776810893819874358e-05
-1.117971167656682340e-04
-1.439767323389001938e-04
-1.876367643994130471e-04
-2.477115040547118291e-04
-3.316368647716915461e-04
-4.508219623817994815e-04
-6.231116563609731453e-04
-8.769952677442192533e-04
-1.258961556787524787e-03
-1.846656366774575026e-03
-2.773005999772472537e-03
-4.271598171404463254e-03
-6.764405921825819047e-03
-1.103653165222564375e-02
-1.859796842596302818e-02
-3.248306687906247353e-02
-5.920462737090465000e-02
-1.115380724132652435e-01
-1.629475875060928947e-01
-1.115380724132652435e-01
-5.920462737090465000e-02
-3.248306687906247353e-02
-1.859796842596302818e-02
-1.103653165222564375e-02
-6.764405921825819047e-03
-4.271598171404463254e-03
-2.773005999772472537e-03
-1.846656366774575026e-03
-1.258961556787524787e-03
-8.769952677442192533e-04
-6.231116563609731453e-04
-4.508219623817994815e-04
-3.316368647716915461e-04
-2.477115040547118291e-04
-1.876367643994130471e-04
-1.439767323389001938e-04
-1.117971167656682340e-04
-8.776810893819874358e-05
-6.960702287258880509e-05
-5.572580228984686131e-05
-4.500431250176166210e-05
-3.664220150476317159e-05
-3.006064282077886937e-05
-2.483623828787475039e-05
-2.065595924437870002e-05
-1.728604151998650848e-05
-1.455025680840934251e-05
-1.231456284404888408e-05
-1.047614416407609073e-05
-8.955508638566689873e-06
-7.690733244176218224e-06
-6.633236653291236344e-06
-5.744646803850992478e-06
-4.994460865668398799e-06
-4.358283575799590293e-06
-3.816491188228939048e-06
-3.353211076334319120e-06
-2.955537181711348009e-06
-2.612922934464723332e-06
-2.316708626451670515e-06
-2.059751308529885744e-06
-1.836133351242046491e-06
-1.640931720824418553e-06
-1.470034384880797278e-06
-1.319993502130223693e-06
-1.187907472351589919e-06
-1.071325743730191437e-06
-9.681716522469393041e-07
-8.766796154862528877e-07
-7.953438045081962716e-07
-7.228760334090360032e-07
-6.581710821101486186e-07
-6.002780373977935112e-07
-5.483765254289341874e-07
-5.017569347196460309e-07
-4.598039063204544369e-07
-4.219825082976542758e-07
-3.878266230512637887e-07
-3.569291647472119065e-07
-3.289338151034892048e-07
-3.035280227203867419e-07
-2.804370570134415196e-07
-2.594189448784521625e-07
-2.402601482787595649e-07
-2.227718654007562926e-07
-2.067868579820869722e-07
-1.921567237551631640e-07
-1.787495463628864939e-07
-1.664478661488990479e-07
-1.551469243451412249e-07
-1.447531407309665677e-07
-1.351827911070745563e-07
-1.263608561452959384e-07
-1.182200175289773344e-07
-1.106997809403462670e-07
-1.037457085045087922e-07
-9.730874586563094806e-08
-9.134463123205499898e-08
-8.581337555145119107e-08
-8.067880452039472321e-08
-7.590815444105071403e-08
-7.147171504896817061e-08
-6.734251338188941316e-08
-6.349603356614984934e-08
-5.990996808648406388e-08
-5.656399669505226225e-08
-5.343958962146709941e-08
-5.051983218026656211e-08
-4.778926824634722232e-08
-4.523376039132628632e-08
-4.284036475223515263e-08
-4.059721894475055200e-08
-3.849344154176364050e-08
-3.651904181906155771e-08
-3.466483862714046216e-08
-3.292238738500683822e-08
-3.128391431106833989e-08
-2.974225711028318195e-08
-2.829081142768402229e-08
-2.692348245798004435e-08
-2.563464117068670667e-08
-2.441908467142731620e-08
-2.327200027381835054e-08
-2.218893290364745736e-08
-2.116575549871237316e-08
-2.019864210442689311e-08
-1.928404339773562262e-08
-1.841866440055110073e-08
-1.759944416930018777e-08
-1.682353726964652343e-08
-1.608829686539421934e-08
-1.539125926828150489e-08
-1.473012981110922942e-08
-1.410276992065065670e-08
-1.350718527926083102e-08
-1.294151497522357022e-08
-1.240402155179869682e-08
-1.189308187379878509e-08
-1.140717873845311690e-08
-1.094489316441347122e-08
-1.050489729911499032e-08
-1.008594789040640232e-08
-9.686880273482271266e-09
-9.306602828746548910e-09
-8.944091870370723049e-09
-8.598386929029585510e-09
-8.268586395647698188e-09
2.846245215585422969e-10
2.982981961026265011e-10
3.127440770122336316e-10
3.280123852807720999e-10
3.441570446593052929e-10
3.612359873473292373e-10
3.793114876614892972e-10
3.984505264976975765e-10
4.187251897114512137e-10
4.402131038874234646e-10
4.629979133573420580e-10
4.871698027601172659e-10
5.128260699264675154e-10
5.400717544187369145e-10
5.690203276734521505e-10
5.997944513884911340e-10
6.325268115790609505e-10
6.673610366091661633e-10
7.044527085015953639e-10
7.439704779556714382e-10
7.860972947762988785e-10
8.310317668613357500e-10
8.789896625311768274e-10
9.302055728428413534e-10
9.849347526430133807e-10
1.043455161518081752e-09
1.106069728537499930e-09
1.173108867810419239e-09
1.244933275442860476e-09
1.321937042562204081e-09
1.404551123746668572e-09
1.493247205552802370e-09
1.588542025982116505e-09
1.691002202795806706e-09
1.801249636723198045e-09
1.919967564989567751e-09
2.047907351418475574e-09
2.185896111884721420e-09
2.334845288392691254e-09
2.495760301869523895e-09
2.669751433293308528e-09
2.858046105499086856e-09
3.062002764484284100e-09
3.283126589942934384e-09
3.523087300897491428e-09
3.783739364626780626e-09
4.067144966758506335e-09
4.375600158783254910e-09
4.711664668012886102e-09
5.078195936148891715e-09
5.478388048560407059e-09
5.915816330020151295e-09
6.394488517557357917e-09
6.918903581572216386e-09
7.494119457676909407e-09
8.125831180309069971e-09
8.820461182878617321e-09
9.585263857729374201e-09
1.042844686443031151e-08
1.135931215156626194e-08
1.238842023348198960e-08
1.352778196195943809e-08
1.479108288173698517e-08
1.619394629328721133e-08
1.775424241042886076e-08
1.949245254955910076e-08
2.143209919140437728e-08
2.360025510358796852e-08
2.602814761519951714e-08
2.875187773587592897e-08
3.181327829445330013e-08
3.526094087061290980e-08
3.915144830937531134e-08
4.355085843375465192e-08
4.853649571315452706e-08
5.419912176646815955e-08
6.064557354693339475e-08
6.800198101222579525e-08
7.641770553727811211e-08
8.607017828360916937e-08
9.717086687366908349e-08
1.099726626225477819e-07
1.247790640957431804e-07
1.419556424595134969e-07
1.619444189296962078e-07
1.852819768991643543e-07
2.126223880033326918e-07
2.447663760413219964e-07
2.826986082709855233e-07
3.276356365464351284e-07
3.810878768648840122e-07
4.449402091143348130e-07
5.215574344236466808e-07
6.139231417374697050e-07
7.258237951102416813e-07
8.620944822564809064e-07
1.028949393648104646e-06
1.234429677505875568e-06
1.489015277462252450e-06
1.806467911306152377e-06
2.205002907723377699e-06
2.708933537236583519e-06
3.351001241546144747e-06
4.175712403614364738e-06
5.244169149233825474e-06
6.641144598791229602e-06
8.485572911871653025e-06
1.094630463472818257e-05
1.426609595830286810e-05
1.879866723867312868e-05
2.506683400395610630e-05
3.385518229475221715e-05
4.636037136745080534e-05
6.443935888087748713e-05
9.102727935288580218e-05
1.308553093142673213e-04
1.917104568237584740e-04
2.866965082309276330e-04
4.383881757317384647e-04
6.866526095471363420e-04
1.103750526412083542e-03
1.824228508568490059e-03
3.105409147578335350e-03
5.451024513781350424e-03
9.854739051880379713e-03
1.816667551294843391e-02
3.258664820946615553e-02
4.486467884016848151e-02
0.000000000000000000e+00
-4.486467884016848151e-02
-3.258664820946615553e-02
-1.816667551294843391e-02
-9.854739051880379713e-03
-5.451024513781350424e-03
-3.105409147578335350e-03
-1.824228508568490059e-03
-1.103750526412083542e-03
-6.866526095471363420e-04
-4.383881757317384647e-04
-2.866965082309276330e-04
-1.917104568237584740e-04
-1.308553093142673213e-04
-9.102727935288580218e-05
-6.443935888087748713e-05
-4.636037136745080534e-05
-3.385518229475221715e-05
-2.506683400395610630e-05
-1.879866723867312868e-05
-1.426609595830286810e-05
-1.094630463472818257e-05
-8.485572911871653025e-06
-6.641144598791229602e-06
-5.244169149233825474e-06
-4.175712403614364738e-06
-3.351001241546144747e-06
-2.708933537236583519e-06
-2.205002907723377699e-06
-1.806467911306152377e-06
-1.489015277462252450e-06
-1.234429677505875568e-06
-1.028949393648104646e-06
-8.620944822564809064e-07
-7.258237951102416813e-07
-6.139231417374697050e-07
-5.215574344236466808e-07
-4.449402091143348130e-07
-3.810878768648840122e-07
-3.276356365464351284e-07
-2.826986082709855233e-07
-2.447663760413219964e-07
-2.126223880033326918e-07
-1.852819768991643543e-07
-1.619444189296962078e-07
-1.419556424595134969e-07
-1.247790640957431804e-07
-1.099726626225477819e-07
-9.717086687366908349e-08
-8.607017828360916937e-08
-7.641770553727811211e-08
-6.800198101222579525e-08
-6.064557354693339475e-08
-5.419912176646815955e-08
-4.853649571315452706e-08
-4.355085843375465192e-08
-3.915144830937531134e-08
-3.526094087061290980e-08
-3.181327829445330013e-08
-2.875187773587592897e-08
-2.602814761519951714e-08
-2.360025510358796852e-08
-2.143209919140437728e-08
-1.949245254955910076e-08
-1.775424241042886076e-08
-1.619394629328721133e-08
-1.479108288173698517e-08
-1.352778196195943809e-08
-1.238842023348198960e-08
-1.135931215156626194e-08
-1.042844686443031151e-08
-9.585263857729374201e-09
-8.820461182878617321e-09
-8.125831180309069971e-09
-7.494119457676909407e-09
-6.918903581572216386e-09
-6.394488517557357917e-09
-5.915816330020151295e-09
-5.478388048560407059e-09
-5.078195936148891715e-09
-4.711664668012886102e-09
-4.375600158783254910e-09
-4.067144966758506335e-09
-3.783739364626780626e-09
-3.523087300897491428e-09
-3.283126589942934384e-09
-3.062002764484284100e-09
-2.858046105499086856e-09
-2.669751433293308528e-09
-2.495760301869523895e-09
-2.334845288392691254e-09
-2.185896111884721420e-09
-2.047907351418475574e-09
-1.919967564989567751e-09
-1.801249636723198045e-09
-1.691002202795806706e-09
-1.588542025982116505e-09
-1.493247205552802370e-09
-1.404551123746668572e-09
-1.321937042562204081e-09
-1.244933275442860476e-09
-1.173108867810419239e-09
-1.106069728537499930e-09
-1.043455161518081752e-09
-9.849347526430133807e-10
-9.302055728428413534e-10
-8.789896625311768274e-10
-8.310317668613357500e-10
-7.860972947762988785e-10
-7.439704779556714382e-10
-7.044527085015953639e-10
-6.673610366091661633e-10
-6.325268115790609505e-10
-5.997944513884911340e-10
-5.690203276734521505e-10
-5.400717544187369145e-10
-5.128260699264675154e-10
-4.871698027601172659e-10
-4.629979133573420580e-10
-4.402131038874234646e-10
-4.187251897114512137e-10
-3.984505264976975765e-10
-3.793114876614892972e-10
-3.612359873473292373e-10
-3.441570446593052929e-10
-3.280123852807720999e-10
-3.127440770122336316e-10
-2.982981961026265011e-10
-2.846245215585422969e-10
