-2.513049042217802730e-08
-2.619972059237559501e-08
-2.732396869025824295e-08
-2.850656352780470345e-08
-2.975106592095803598e-08
-3.106128702574404922e-08
-3.244130829752427800e-08
-3.389550323271421406e-08
-3.542856106949673208e-08
-3.704551264329176771e-08
-3.875175861425893377e-08
-4.055310030821204045e-08
-4.245577343934508773e-08
-4.446648501349598276e-08
-4.659245374474359424e-08
-4.884145435645052198e-08
-5.122186618099982085e-08
-5.374272652109069097e-08
-5.641378929030799635e-08
-5.924558951264151652e-08
-6.224951433068505288e-08
-6.543788125157176170e-08
-6.882402444959905572e-08
-7.242239004652684167e-08
-7.624864140645596424e-08
-8.031977561407114476e-08
-8.465425245526038242e-08
-8.927213739046133142e-08
-9.419526020677399806e-08
-9.944739125867541091e-08
-1.050544374634603166e-07
-1.110446605114627633e-07
-1.174489200886727783e-07
-1.243009452976186131e-07
-1.316376379096135519e-07
-1.394994115974020998e-07
-1.479305718933966540e-07
-1.569797423086086033e-07
-1.667003428471445442e-07
-1.771511280797340274e-07
-1.883967930198590908e-07
-2.005086563044702630e-07
-2.135654316501801563e-07
-2.276541002734343059e-07
-2.428708989754558264e-07
-2.593224409547080722e-07
-2.771269891874934730e-07
-2.964159054908469356e-07
-3.173353022474944106e-07
-3.400479283470308069e-07
-3.647353263222622689e-07
-3.916003041072202663e-07
-4.208697725239142329e-07
-4.527980087755481361e-07
-4.876704171999928988e-07
-5.258078717064534046e-07
-5.675717401584864867e-07
-6.133697100690042267e-07
-6.636625580707252557e-07
-7.189720336307987780e-07
-7.798900615292044674e-07
-8.470895091418445238e-07
-9.213368153508136280e-07
-1.003506840201602566e-06
-1.094600371092754174e-06
-1.195764815938415948e-06
-1.308318731000899874e-06
-1.433780976847570560e-06
-1.573905477716868488e-06
-1.730722787243721423e-06
-1.906589949630532122e-06
-2.104250506382466870e-06
-2.326906956103169822e-06
-2.578308556704890721e-06
-2.862858102806582040e-06
-3.185742265187073739e-06
-3.553091309302725808e-06
-3.972175603548776098e-06
-4.451648402831067967e-06
-5.001847108342793714e-06
-5.635168776873130967e-06
-6.366540379109512880e-06
-7.214010594788541915e-06
-8.199498349610327745e-06
-9.349744635069189729e-06
-1.069752951872374073e-05
-1.228323722148656347e-05
-1.415688095288823885e-05
-1.638073907807700738e-05
-1.903280981127851738e-05
-2.221136981201671433e-05
-2.604103285725553488e-05
-3.068086312752506408e-05
-3.633532602504478763e-05
-4.326919186520489165e-05
-5.182799636161385728e-05
-6.246638721351013802e-05
-7.578777451120919349e-05
-9.260035386160195465e-05
-1.139971050556180403e-04
-1.414713045724610573e-04
-1.770852793569085667e-04
-2.237199903196964367e-04
-2.854489598907471236e-04
-3.681061442467166650e-04
-4.801607105064684762e-04
-6.340848539226573389e-04
-8.485262403203836564e-04
-1.151815256820006928e-03
-1.587724610324875050e-03
-2.225097217450163010e-03
-3.174240506724153570e-03
-4.615385317061185093e-03
-6.849104068408900896e-03
-1.038767871458742310e-02
-1.612551906285007719e-02
-2.567189816140670253e-02
-4.205330795339021210e-02
-7.122988448096885528e-02
-1.216850703405477074e-01
-1.629475875060928947e-01
-1.216850703405477074e-01
-7.122988448096885528e-02
-4.205330795339021210e-02
-2.567189816140670253e-02
-1.612551906285007719e-02
-1.038767871458742310e-02
-6.849104068408900896e-03
-4.615385317061185093e-03
-3.174240506724153570e-03
-2.225097217450163010e-03
-1.587724610324875050e-03
-1.151815256820006928e-03
-8.485262403203836564e-04
-6.340848539226573389e-04
-4.801607105064684762e-04
-3.681061442467166650e-04
-2.854489598907471236e-04
-2.237199903196964367e-04
-1.770852793569085667e-04
-1.414713045724610573e-04
-1.139971050556180403e-04
-9.260035386160195465e-05
-7.578777451120919349e-05
-6.246638721351013802e-05
-5.182799636161385728e-05
-4.326919186520489165e-05
-3.633532602504478763e-05
-3.068086312752506408e-05
-2.604103285725553488e-05
-2.221136981201671433e-05
-1.903280981127851738e-05
-1.638073907807700738e-05
-1.415688095288823885e-05
-1.228323722148656347e-05
-1.069752951872374073e-05
-9.349744635069189729e-06
-8.199498349610327745e-06
-7.214010594788541915e-06
-6.366540379109512880e-06
-5.635168776873130967e-06
-5.001847108342793714e-06
-4.451648402831067967e-06
-3.972175603548776098e-06
-3.553091309302725808e-06
-3.185742265187073739e-06
-2.862858102806582040e-06
-2.578308556704890721e-06
-2.326906956103169822e-06
-2.104250506382466870e-06
-1.906589949630532122e-06
-1.730722787243721423e-06
-1.573905477716868488e-06
-1.433780976847570560e-06
-1.308318731000899874e-06
-1.195764815938415948e-06
-1.094600371092754174e-06
-1.003506840201602566e-06
-9.213368153508136280e-07
-8.470895091418445238e-07
-7.798900615292044674e-07
-7.189720336307987780e-07
-6.636625580707252557e-07
-6.133697100690042267e-07
-5.675717401584864867e-07
-5.258078717064534046e-07
-4.876704171999928988e-07
-4.527980087755481361e-07
-4.208697725239142329e-07
-3.916003041072202663e-07
-3.647353263222622689e-07
-3.400479283470308069e-07
-3.173353022474944106e-07
-2.964159054908469356e-07
-2.771269891874934730e-07
-2.593224409547080722e-07
-2.428708989754558264e-07
-2.276541002734343059e-07
-2.135654316501801563e-07
-2.005086563044702630e-07
-1.883967930198590908e-07
-1.771511280797340274e-07
-1.667003428471445442e-07
-1.569797423086086033e-07
-1.479305718933966540e-07
-1.394994115974020998e-07
-1.316376379096135519e-07
-1.243009452976186131e-07
-1.174489200886727783e-07
-1.110446605114627633e-07
-1.050544374634603166e-07
-9.944739125867541091e-08
-9.419526020677399806e-08
-8.927213739046133142e-08
-8.465425245526038242e-08
-8.031977561407114476e-08
-7.624864140645596424e-08
-7.242239004652684167e-08
-6.882402444959905572e-08
-6.543788125157176170e-08
-6.224951433068505288e-08
-5.924558951264151652e-08
-5.641378929030799635e-08
-5.374272652109069097e-08
-5.122186618099982085e-08
-4.884145435645052198e-08
-4.659245374474359424e-08
-4.446648501349598276e-08
-4.245577343934508773e-08
-4.055310030821204045e-08
-3.875175861425893377e-08
-3.704551264329176771e-08
-3.542856106949673208e-08
-3.389550323271421406e-08
-3.244130829752427800e-08
-3.106128702574404922e-08
-2.975106592095803598e-08
-2.850656352780470345e-08
-2.732396869025824295e-08
-2.619972059237559501e-08
-2.513049042217802730e-08
1.080026863027325650e-09
1.135381564475329785e-09
1.194072331435199961e-09
1.256330766887247039e-09
1.322406707239689623e-09
1.392569830146553603e-09
1.467111419546350609e-09
1.546346304830217169e-09
1.630614993034368888e-09
1.720286015191394697e-09
1.815758510502713149e-09
1.917465074850823435e-09
2.025874903400557351e-09
2.141497260696846616e-09
2.264885315813129645e-09
2.396640384810670007e-09
2.537416628115483000e-09
2.687926256501320205e-09
2.848945306292533237e-09
3.021320052297541384e-09
3.205974135997565507e-09
3.403916496819182925e-09
3.616250206110881002e-09
3.844182316956682017e-09
4.089034858465298341e-09
4.352257120988855146e-09
4.635439399223746505e-09
4.940328383764259768e-09
5.268844418931298797e-09
5.623100876188387659e-09
6.005425928898438902e-09
6.418387056410602693e-09
6.864818654493071238e-09
7.347853186127992739e-09
7.870956373061772271e-09
8.437967005928125771e-09
9.053142041223598665e-09
9.721207759292241651e-09
1.044741788161455932e-08
1.123761969150359182e-08
1.209832937389093830e-08
1.303681799216579501e-08
1.406120975897008802e-08
1.518059454064505484e-08
1.640515687039705120e-08
1.774632414379515162e-08
1.921693714483326605e-08
2.083144661722575482e-08
2.260614027311975431e-08
2.455940544362154358e-08
2.671203355149249638e-08
2.908757376188634494e-08
3.171274458633857167e-08
3.461791393326069094e-08
3.783766018315722493e-08
4.141142940372844111e-08
4.538430691531492297e-08
4.980792520420451376e-08
5.474153482804764849e-08
6.025327067596600480e-08
6.642165300434700885e-08
7.333737140900097522e-08
8.110541075050545870e-08
8.984759157923687370e-08
9.970561452554705379e-08
1.108447193519373430e-07
1.234580961032715245e-07
1.377722195922316176e-07
1.540533213494603131e-07
1.726152678118307112e-07
1.938291834224437165e-07
2.181352471091343820e-07
2.460572064589370593e-07
2.782203040496545042e-07
3.153735058944210591e-07
3.584171777266742566e-07
4.084376911561982869e-07
4.667508862028076977e-07
5.349569073010963078e-07
6.150097189512136940e-07
7.093056675448823671e-07
8.207968892841566661e-07
9.531373137669815218e-07
1.110871681738310025e-06
1.299681673459383590e-06
1.526708347803590139e-06
1.800977225328621536e-06
2.133962393113181896e-06
2.540340263931129869e-06
3.039004016756726316e-06
3.654439171354436287e-06
4.418603581124083233e-06
5.373518046533443473e-06
6.574867063262876667e-06
8.097048991116302799e-06
1.004032647839276912e-05
1.254105164400839114e-05
1.578644134526881407e-05
2.003616197323684453e-05
2.565422598932689044e-05
3.315669741763418115e-05
4.328394884452358712e-05
5.711156514817975551e-05
7.622294501962914972e-05
1.029818602095443922e-04
1.409694606280798804e-04
1.956961686614990784e-04
2.757807504679478687e-04
3.949370606938876226e-04
5.753818682120701890e-04
8.537879028494048872e-04
1.291875559129362222e-03
1.995590258057998358e-03
3.150317269510625757e-03
5.085755280082034785e-03
8.391753473347973724e-03
1.409415534394022410e-02
2.370938962219145546e-02
3.764416768785367601e-02
4.369272242757799712e-02
0.000000000000000000e+00
-4.369272242757799712e-02
-3.764416768785367601e-02
-2.370938962219145546e-02
-1.409415534394022410e-02
-8.391753473347973724e-03
-5.085755280082034785e-03
-3.150317269510625757e-03
-1.995590258057998358e-03
-1.291875559129362222e-03
-8.537879028494048872e-04
-5.753818682120701890e-04
-3.949370606938876226e-04
-2.757807504679478687e-04
-1.956961686614990784e-04
-1.409694606280798804e-04
-1.029818602095443922e-04
-7.622294501962914972e-05
-5.711156514817975551e-05
-4.328394884452358712e-05
-3.315669741763418115e-05
-2.565422598932689044e-05
-2.003616197323684453e-05
-1.578644134526881407e-05
-1.254105164400839114e-05
-1.004032647839276912e-05
-8.097048991116302799e-06
-6.574867063262876667e-06
-5.373518046533443473e-06
-4.418603581124083233e-06
-3.654439171354436287e-06
-3.039004016756726316e-06
-2.540340263931129869e-06
-2.133962393113181896e-06
-1.800977225328621536e-06
-1.526708347803590139e-06
-1.299681673459383590e-06
-1.110871681738310025e-06
-9.531373137669815218e-07
-8.207968892841566661e-07
-7.093056675448823671e-07
-6.150097189512136940e-07
-5.349569073010963078e-07
-4.667508862028076977e-07
-4.084376911561982869e-07
-3.584171777266742566e-07
-3.153735058944210591e-07
-2.782203040496545042e-07
-2.460572064589370593e-07
-2.181352471091343820e-07
-1.938291834224437165e-07
-1.726152678118307112e-07
-1.540533213494603131e-07
-1.377722195922316176e-07
-1.234580961032715245e-07
-1.108447193519373430e-07
-9.970561452554705379e-08
-8.984759157923687370e-08
-8.110541075050545870e-08
-7.333737140900097522e-08
-6.642165300434700885e-08
-6.025327067596600480e-08
-5.474153482804764849e-08
-4.980792520420451376e-08
-4.538430691531492297e-08
-4.141142940372844111e-08
-3.783766018315722493e-08
-3.461791393326069094e-08
-3.171274458633857167e-08
-2.908757376188634494e-08
-2.671203355149249638e-08
-2.455940544362154358e-08
-2.260614027311975431e-08
-2.083144661722575482e-08
-1.921693714483326605e-08
-1.774632414379515162e-08
-1.640515687039705120e-08
-1.518059454064505484e-08
-1.406120975897008802e-08
-1.303681799216579501e-08
-1.209832937389093830e-08
-1.123761969150359182e-08
-1.044741788161455932e-08
-9.721207759292241651e-09
-9.053142041223598665e-09
-8.437967005928125771e-09
-7.870956373061772271e-09
-7.347853186127992739e-09
-6.864818654493071238e-09
-6.418387056410602693e-09
-6.005425928898438902e-09
-5.623100876188387659e-09
-5.268844418931298797e-09
-4.940328383764259768e-09
-4.635439399223746505e-09
-4.352257120988855146e-09
-4.089034858465298341e-09
-3.844182316956682017e-09
-3.616250206110881002e-09
-3.403916496819182925e-09
-3.205974135997565507e-09
-3.021320052297541384e-09
-2.848945306292533237e-09
-2.687926256501320205e-09
-2.537416628115483000e-09
-2.396640384810670007e-09
-2.264885315813129645e-09
-2.141497260696846616e-09
-2.025874903400557351e-09
-1.917465074850823435e-09
-1.815758510502713149e-09
-1.720286015191394697e-09
-1.630614993034368888e-09
-1.546346304830217169e-09
-1.467111419546350609e-09
-1.392569830146553603e-09
-1.322406707239689623e-09
-1.256330766887247039e-09
-1.194072331435199961e-09
-1.135381564475329785e-09
-1.080026863027325650e-09
