-3.284139262936245715e-10
-3.348993102529051254e-10
-3.415389682587120226e-10
-3.483371982950924512e-10
-3.552984357195526388e-10
-3.624272582218266433e-10
-3.697283909823031761e-10
-3.772067120389883284e-10
-3.848672578723163410e-10
-3.927152292175719408e-10
-4.007559971151641726e-10
-4.089951092095102930e-10
-4.174382963078033735e-10
-4.260914792105081662e-10
-4.349607758260198758e-10
-4.440525085825403512e-10
-4.533732121508850075e-10
-4.629296414926271721e-10
-4.727287802487187594e-10
-4.827778494844954575e-10
-4.930843168077861759e-10
-5.036559058777159231e-10
-5.145006063226896529e-10
-5.256266840870037328e-10
-5.370426922265515518e-10
-5.487574821751548815e-10
-5.607802155041778820e-10
-5.731203761992932886e-10
-5.857877834795091245e-10
-5.987926051849355409e-10
-6.121453717611435763e-10
-6.258569908695054591e-10
-6.399387626544639679e-10
-6.544023957003618852e-10
-6.692600237122470117e-10
-6.845242229569362988e-10
-7.002080305026285621e-10
-7.163249632974543196e-10
-7.328890381296048450e-10
-7.499147925140438166e-10
-7.674173065533352913e-10
-7.854122258227771847e-10
-8.039157853328810445e-10
-8.229448346252433256e-10
-8.425168640610302659e-10
-8.626500323647246445e-10
-8.833631954893616042e-10
-9.046759368733103595e-10
-9.266085991627532578e-10
-9.491823174783202770e-10
-9.724190543089376100e-10
-9.963416361208837434e-10
-1.020973791775202562e-09
-1.046340192852226850e-09
-1.072466495987825621e-09
-1.099379387332327381e-09
-1.127106629249738220e-09
-1.155677109382033872e-09
-1.185120892210943320e-09
-1.215469273257727589e-09
-1.246754836070150227e-09
-1.279011512155102678e-09
-1.312274644025169892e-09
-1.346581051538029688e-09
-1.381969101718780250e-09
-1.418478782267388903e-09
-1.456151778966270993e-09
-1.495031557216780509e-09
-1.535163447948133993e-09
-1.576594738157999525e-09
-1.619374766360848377e-09
-1.663555023238231707e-09
-1.709189257804477553e-09
-1.756333589421983497e-09
-1.805046626022529908e-09
-1.855389588914842614e-09
-1.907426444584184250e-09
-1.961224043917144171e-09
-2.016852269314289708e-09
-2.074384190184899556e-09
-2.133896227352014328e-09
-2.195468326932490731e-09
-2.259184144296112112e-09
-2.325131238749911260e-09
-2.393401279639409990e-09
-2.464090264607378060e-09
-2.537298750803420605e-09
-2.613132099894500040e-09
-2.691700737787703910e-09
-2.773120430042628843e-09
-2.857512574021963547e-09
-2.945004508905730724e-09
-3.035729844777721528e-09
-3.129828812082405281e-09
-3.227448632847419905e-09
-3.328743915171819053e-09
-3.433877072593553789e-09
-3.543018770072556700e-09
-3.656348398458729254e-09
-3.774054579458305000e-09
-3.896335703268212193e-09
-4.023400501217487581e-09
-4.155468655938651708e-09
-4.292771451791467964e-09
-4.435552468478426175e-09
-4.584068321026802283e-09
-4.738589449568359064e-09
-4.899400962626630137e-09
-5.066803537924918554e-09
-5.241114385058986974e-09
-5.422668274738225997e-09
-5.611818639692160087e-09
-5.808938752767402653e-09
-6.014422988208159993e-09
-6.228688172624196828e-09
-6.452175032708803438e-09
-6.685349747380095455e-09
-6.928705612687297059e-09
-7.182764828555773596e-09
-7.448080417246369920e-09
-7.725238284284155212e-09
-8.014859433576214788e-09
-8.317602349497329193e-09
-8.634165559886168622e-09
-8.965290395173326150e-09
-9.311763960270344927e-09
-9.674422337397571772e-09
-1.005415403973564535e-08
-1.045190373766703963e-08
-1.086867628144957376e-08
-1.130554104645629265e-08
-1.176363662964805430e-08
-1.224417592874567455e-08
-1.274845163866757294e-08
-1.327784220323026686e-08
-1.383381826391401911e-08
-1.441794965171507476e-08
-1.503191297279123438e-08
-1.567749984381359235e-08
-1.635662583872591819e-08
-1.707134021505821463e-08
-1.782383649511905915e-08
-1.861646398539729600e-08
-1.945174032643754869e-08
-2.033236517543489008e-08
-2.126123513495436116e-08
-2.224146005367181405e-08
-2.327638083902726314e-08
-2.436958893737539711e-08
-2.552494765483623316e-08
-2.674661551184696617e-08
-2.803907184668695740e-08
-2.940714490832910799e-08
-3.085604270724421672e-08
-3.239138692469576298e-08
-3.401925021711740306e-08
-3.574619729294742464e-08
-3.757933018548312376e-08
-3.952633819768434888e-08
-4.159555305430528451e-08
-4.379600986430454804e-08
-4.613751457338121546e-08
-4.863071867411276251e-08
-5.128720204115424665e-08
-5.411956487319251183e-08
-5.714152985404705023e-08
-6.036805579504264991e-08
-6.381546419258070450e-08
-6.750158033222285526e-08
-7.144589079774222202e-08
-7.566971950535501199e-08
-8.019642468547294189e-08
-8.505161958359064647e-08
-9.026342005634167420e-08
-9.586272270781851658e-08
-1.018835177561875478e-07
-1.083632414548240187e-07
-1.153431736315529881e-07
-1.228688867731147874e-07
-1.309907540924001168e-07
-1.397645252005354790e-07
-1.492519793972456891e-07
-1.595216682304357144e-07
-1.706497609070697813e-07
-1.827210084196135986e-07
-1.958298449550921602e-07
-2.100816483617561334e-07
-2.255941852644015043e-07
-2.424992709693101006e-07
-2.609446797375348659e-07
-2.810963475198945618e-07
-3.031409170713194242e-07
-3.272886847834583122e-07
-3.537770199486177358e-07
-3.828743409371308429e-07
-4.148847494848823051e-07
-4.501534446362896050e-07
-4.890730627336754953e-07
-5.320911202728001245e-07
-5.797187738275410797e-07
-6.325411573219150699e-07
-6.912296139045939202e-07
-7.565562103808335926e-07
-8.294110101948155376e-07
-9.108226909841887206e-07
-1.001983230759669169e-06
-1.104277560597160851e-06
-1.219319301536835024e-06
-1.348993982478203359e-06
-1.495511491761335009e-06
-1.661469970993368700e-06
-1.849933946294240363e-06
-2.064530250608907136e-06
-2.309566276282594270e-06
-2.590176384299493998e-06
-2.912503986760719781e-06
-3.283929050800207001e-06
-3.713353735660687272e-06
-4.211562833726034086e-06
-4.791681008385549003e-06
-5.469756022427498852e-06
-6.265506959389073493e-06
-7.203289895705265473e-06
-8.313352075202945496e-06
-9.633471529012373164e-06
-1.121111542681608147e-05
-1.310630188584248199e-05
-1.539542341209971762e-05
-1.817639598093100141e-05
-2.157565172340648968e-05
-2.575771940796192416e-05
-3.093847281202157093e-05
-3.740363135163256883e-05
-4.553486313609416818e-05
-5.584701769736931577e-05
-6.904184795585328470e-05
-8.608647140805870902e-05
-1.083294440778755725e-04
-1.376748255558893938e-04
-1.768469830088570741e-04
-2.297995997244301240e-04
-3.023576415547236853e-04
-4.032422042210604177e-04
-5.457361606217726174e-04
-7.504428733153677578e-04
-1.049946988387842227e-03
-1.496854822394503345e-03
-2.177971533570252985e-03
-3.239877005577826343e-03
-4.936183098842993056e-03
-7.717105275502767446e-03
-1.240422679046752560e-02
-2.054526781641196134e-02
-3.518627658371347583e-02
-6.270910019294750892e-02
-1.146785365905662601e-01
-1.629475875060929224e-01
-1.146785365905662601e-01
-6.270910019294750892e-02
-3.518627658371347583e-02
-2.054526781641196134e-02
-1.240422679046752560e-02
-7.717105275502767446e-03
-4.936183098842993056e-03
-3.239877005577826343e-03
-2.177971533570252985e-03
-1.496854822394503345e-03
-1.049946988387842227e-03
-7.504428733153677578e-04
-5.457361606217726174e-04
-4.032422042210604177e-04
-3.023576415547236853e-04
-2.297995997244301240e-04
-1.768469830088570741e-04
-1.376748255558893938e-04
-1.083294440778755725e-04
-8.608647140805870902e-05
-6.904184795585328470e-05
-5.584701769736931577e-05
-4.553486313609416818e-05
-3.740363135163256883e-05
-3.093847281202157093e-05
-2.575771940796192416e-05
-2.157565172340648968e-05
-1.817639598093100141e-05
-1.539542341209971762e-05
-1.310630188584248199e-05
-1.121111542681608147e-05
-9.633471529012373164e-06
-8.313352075202945496e-06
-7.203289895705265473e-06
-6.265506959389073493e-06
-5.469756022427498852e-06
-4.791681008385549003e-06
-4.211562833726034086e-06
-3.713353735660687272e-06
-3.283929050800207001e-06
-2.912503986760719781e-06
-2.590176384299493998e-06
-2.309566276282594270e-06
-2.064530250608907136e-06
-1.849933946294240363e-06
-1.661469970993368700e-06
-1.495511491761335009e-06
-1.348993982478203359e-06
-1.219319301536835024e-06
-1.104277560597160851e-06
-1.001983230759669169e-06
-9.108226909841887206e-07
-8.294110101948155376e-07
-7.565562103808335926e-07
-6.912296139045939202e-07
-6.325411573219150699e-07
-5.797187738275410797e-07
-5.320911202728001245e-07
-4.890730627336754953e-07
-4.501534446362896050e-07
-4.148847494848823051e-07
-3.828743409371308429e-07
-3.537770199486177358e-07
-3.272886847834583122e-07
-3.031409170713194242e-07
-2.810963475198945618e-07
-2.609446797375348659e-07
-2.424992709693101006e-07
-2.255941852644015043e-07
-2.100816483617561334e-07
-1.958298449550921602e-07
-1.827210084196135986e-07
-1.706497609070697813e-07
-1.595216682304357144e-07
-1.492519793972456891e-07
-1.397645252005354790e-07
-1.309907540924001168e-07
-1.228688867731147874e-07
-1.153431736315529881e-07
-1.083632414548240187e-07
-1.018835177561875478e-07
-9.586272270781851658e-08
-9.026342005634167420e-08
-8.505161958359064647e-08
-8.019642468547294189e-08
-7.566971950535501199e-08
-7.144589079774222202e-08
-6.750158033222285526e-08
-6.381546419258070450e-08
-6.036805579504264991e-08
-5.714152985404705023e-08
-5.411956487319251183e-08
-5.128720204115424665e-08
-4.863071867411276251e-08
-4.613751457338121546e-08
-4.379600986430454804e-08
-4.159555305430528451e-08
-3.952633819768434888e-08
-3.757933018548312376e-08
-3.574619729294742464e-08
-3.401925021711740306e-08
-3.239138692469576298e-08
-3.085604270724421672e-08
-2.940714490832910799e-08
-2.803907184668695740e-08
-2.674661551184696617e-08
-2.552494765483623316e-08
-2.436958893737539711e-08
-2.327638083902726314e-08
-2.224146005367181405e-08
-2.126123513495436116e-08
-2.033236517543489008e-08
-1.945174032643754869e-08
-1.861646398539729600e-08
-1.782383649511905915e-08
-1.707134021505821463e-08
-1.635662583872591819e-08
-1.567749984381359235e-08
-1.503191297279123438e-08
-1.441794965171507476e-08
-1.383381826391401911e-08
-1.327784220323026686e-08
-1.274845163866757294e-08
-1.224417592874567455e-08
-1.176363662964805430e-08
-1.130554104645629265e-08
-1.086867628144957376e-08
-1.045190373766703963e-08
-1.005415403973564535e-08
-9.674422337397571772e-09
-9.311763960270344927e-09
-8.965290395173326150e-09
-8.634165559886168622e-09
-8.317602349497329193e-09
-8.014859433576214788e-09
-7.725238284284155212e-09
-7.448080417246369920e-09
-7.182764828555773596e-09
-6.928705612687297059e-09
-6.685349747380095455e-09
-6.452175032708803438e-09
-6.228688172624196828e-09
-6.014422988208159993e-09
-5.808938752767402653e-09
-5.611818639692160087e-09
-5.422668274738225997e-09
-5.241114385058986974e-09
-5.066803537924918554e-09
-4.899400962626630137e-09
-4.738589449568359064e-09
-4.584068321026802283e-09
-4.435552468478426175e-09
-4.292771451791467964e-09
-4.155468655938651708e-09
-4.023400501217487581e-09
-3.896335703268212193e-09
-3.774054579458305000e-09
-3.656348398458729254e-09
-3.543018770072556700e-09
-3.433877072593553789e-09
-3.328743915171819053e-09
-3.227448632847419905e-09
-3.129828812082405281e-09
-3.035729844777721528e-09
-2.945004508905730724e-09
-2.857512574021963547e-09
-2.773120430042628843e-09
-2.691700737787703910e-09
-2.613132099894500040e-09
-2.537298750803420605e-09
-2.464090264607378060e-09
-2.393401279639409990e-09
-2.325131238749911260e-09
-2.259184144296112112e-09
-2.195468326932490731e-09
-2.133896227352014328e-09
-2.074384190184899556e-09
-2.016852269314289708e-09
-1.961224043917144171e-09
-1.907426444584184250e-09
-1.855389588914842614e-09
-1.805046626022529908e-09
-1.756333589421983497e-09
-1.709189257804477553e-09
-1.663555023238231707e-09
-1.619374766360848377e-09
-1.576594738157999525e-09
-1.535163447948133993e-09
-1.495031557216780509e-09
-1.456151778966270993e-09
-1.418478782267388903e-09
-1.381969101718780250e-09
-1.346581051538029688e-09
-1.312274644025169892e-09
-1.279011512155102678e-09
-1.246754836070150227e-09
-1.215469273257727589e-09
-1.185120892210943320e-09
-1.155677109382033872e-09
-1.127106629249738220e-09
-1.099379387332327381e-09
-1.072466495987825621e-09
-1.046340192852226850e-09
-1.020973791775202562e-09
-9.963416361208837434e-10
-9.724190543089376100e-10
-9.491823174783202770e-10
-9.266085991627532578e-10
-9.046759368733103595e-10
-8.833631954893616042e-10
-8.626500323647246445e-10
-8.425168640610302659e-10
-8.229448346252433256e-10
-8.039157853328810445e-10
-7.854122258227771847e-10
-7.674173065533352913e-10
-7.499147925140438166e-10
-7.328890381296048450e-10
-7.163249632974543196e-10
-7.002080305026285621e-10
-6.845242229569362988e-10
-6.692600237122470117e-10
-6.544023957003618852e-10
-6.399387626544639679e-10
-6.258569908695054591e-10
-6.121453717611435763e-10
-5.987926051849355409e-10
-5.857877834795091245e-10
-5.731203761992932886e-10
-5.607802155041778820e-10
-5.487574821751548815e-10
-5.370426922265515518e-10
-5.256266840870037328e-10
-5.145006063226896529e-10
-5.036559058777159231e-10
-4.930843168077861759e-10
-4.827778494844954575e-10
-4.727287802487187594e-10
-4.629296414926271721e-10
-4.533732121508850075e-10
-4.440525085825403512e-10
-4.349607758260198758e-10
-4.260914792105081662e-10
-4.174382963078033735e-10
-4.089951092095102930e-10
-4.007559971151641726e-10
-3.927152292175719408e-10
-3.848672578723163410e-10
-3.772067120389883284e-10
-3.697283909823031761e-10
-3.624272582218266433e-10
-3.552984357195526388e-10
-3.483371982950924512e-10
-3.415389682587120226e-10
-3.348993102529051254e-10
-3.284139262936245715e-10
5.932936589863687190e-12
6.073797508461979714e-12
6.218575181199264293e-12
6.367394555832605388e-12
6.520385081687000604e-12
6.677680890557556796e-12
6.839420985639588929e-12
7.005749438876983685e-12
7.176815597139594894e-12
7.352774297662291905e-12
7.533786093201186179e-12
7.720017487387304134e-12
7.911641180783405993e-12
8.108836328177033831e-12
8.311788807671969503e-12
8.520691502170551184e-12
8.735744593871861032e-12
8.957155872444993594e-12
9.185141057573157564e-12
9.419924136602400870e-12
9.661737718069978859e-12
9.910823401930506986e-12
1.016743216734364580e-11
1.043182477893608947e-11
1.070427221250180264e-11
1.098505610115965210e-11
1.127446920304520894e-11
1.157281589167547930e-11
1.188041267019085128e-11
1.219758871074789494e-11
1.252468642041081890e-11
1.286206203496773659e-11
1.321008624218184121e-11
1.356914483607564592e-11
1.393963940394193993e-11
1.432198804787456036e-11
1.471662614272002974e-11
1.512400713246397444e-11
1.554460336718847561e-11
1.597890698286491009e-11
1.642743082638472385e-11
1.689070942837721133e-11
1.736930002651947215e-11
1.786378364221090721e-11
1.837476621366146488e-11
1.890287978863376514e-11
1.944878378028054454e-11
2.001316628973555730e-11
2.059674549934728390e-11
2.120027114069032611e-11
2.182452604175371272e-11
2.247032775798722485e-11
2.313853029218673156e-11
2.383002590852362653e-11
2.454574704636596374e-11
2.528666833991000079e-11
2.605380875003422431e-11
2.684823381521190757e-11
2.767105802877111551e-11
2.852344735027754180e-11
2.940662185933492549e-11
3.032185856065898493e-11
3.127049434987724290e-11
3.225392915015269236e-11
3.327362923041824851e-11
3.433113071675211604e-11
3.542804330922019339e-11
3.656605421736789741e-11
3.774693232846700265e-11
3.897253262361023281e-11
4.024480085781604134e-11
4.156577852145101731e-11
4.293760810151393576e-11
4.436253866265773679e-11
4.584293176925754118e-11
4.738126777138361931e-11
4.898015247920346053e-11
5.064232425213832153e-11
5.237066153104417218e-11
5.416819084378395714e-11
5.603809531682633698e-11
5.798372372795662762e-11
6.000860013783619547e-11
6.211643414101331522e-11
6.431113178008900925e-11
6.659680717010493015e-11
6.897779488385579387e-11
7.145866315277425086e-11
7.404422794231266469e-11
7.673956796538214966e-11
7.955004070244895885e-11
8.248129950234584510e-11
8.553931184380087384e-11
8.873037884413873142e-11
9.206115610861933351e-11
9.553867602152497014e-11
9.917037158840556420e-11
1.029641019479513678e-10
1.069281796818129660e-10
1.110714000614492228e-10
1.154030723828029150e-10
1.199330535524020354e-10
1.246717841024622583e-10
1.296303268278289832e-10
1.348204082542925707e-10
1.402544631660628199e-10
1.459456824401684976e-10
1.519080644574311784e-10
1.581564703836259124e-10
1.647066836407414668e-10
1.715754739170648314e-10
1.787806660964879417e-10
1.863412145221835490e-10
1.942772830480139463e-10
2.026103313730594151e-10
2.113632082008966555e-10
2.205602518161855291e-10
2.302273987272409869e-10
2.403923010851483050e-10
2.510844536582669507e-10
2.623353312163643615e-10
2.741785372619383269e-10
2.866499651384198731e-10
2.997879726468977339e-10
3.136335714158925117e-10
3.282306323938462450e-10
3.436261089727327953e-10
3.598702794052136872e-10
3.770170103488468539e-10
3.951240435610005759e-10
4.142533079797306250e-10
4.344712596614264227e-10
4.558492523085642075e-10
4.784639414136947782e-10
5.023977253725931059e-10
5.277392272846655526e-10
5.545838215669621690e-10
5.830342099651234181e-10
6.132010520564918082e-10
6.452036559145277337e-10
6.791707352478938383e-10
7.152412400511035755e-10
7.535652686173776729e-10
7.943050696801544658e-10
8.376361444815566991e-10
8.837484597299451122e-10
9.328477837224969852e-10
9.851571593938276772e-10
1.040918529731644439e-09
1.100394532903433603e-09
1.163870486595844011e-09
1.231656583517796207e-09
1.304090322802041000e-09
1.381539205207087813e-09
1.464403723629464479e-09
1.553120684551396545e-09
1.648166900748173233e-09
1.750063300952633999e-09
1.859379508325627139e-09
1.976738946632955957e-09
2.102824541124111923e-09
2.238385090412111315e-09
2.384242396363621351e-09
2.541299251352987555e-09
2.710548396483437067e-09
2.893082580852015487e-09
3.090105871006175259e-09
3.302946381854879378e-09
3.533070625979228687e-09
3.782099708161987876e-09
4.051827626761601598e-09
4.344241984176659506e-09
4.661547456133564415e-09
5.006192425139633056e-09
5.380899248682715358e-09
5.788698709431431119e-09
6.232969284971199074e-09
6.717481981115424911e-09
7.246451598720148961e-09
7.824595453028145935e-09
8.457200741513515221e-09
9.150201966630682835e-09
9.910270070665269566e-09
1.074491523943415226e-08
1.166260569017219268e-08
1.267290518919682759e-08
1.378663256240135724e-08
1.501604708547562865e-08
1.637506439473110110e-08
1.787950847298578579e-08
1.954740637482466883e-08
2.139933370749359865e-08
2.345882053506001967e-08
2.575282939633470407e-08
2.831231961219590295e-08
3.117291512020767331e-08
3.437569685945632518e-08
3.796814542181198805e-08
4.200526552436684315e-08
4.655093114556284914e-08
5.167949929584508940e-08
5.747775186836969093e-08
6.404723949277165868e-08
7.150711965070022718e-08
7.999760462534906477e-08
8.968416462040634101e-08
1.007626695405720238e-07
1.134657020553989816e-07
1.280703381101373018e-07
1.449077736110472256e-07
1.643752838083460760e-07
1.869511433393044648e-07
2.132133214348408454e-07
2.438630141330377368e-07
2.797544051185058832e-07
3.219324890245870909e-07
3.716813875824152015e-07
4.305863987378480740e-07
5.006141250761146077e-07
5.842165493112977914e-07
6.844670316958278423e-07
8.052391437207866479e-07
9.514433844191342909e-07
1.129342679684043748e-06
1.346975927631076395e-06
1.614730902205948488e-06
1.946125344710379767e-06
2.358880780450448449e-06
2.876411696404015841e-06
3.529909760727319780e-06
4.361289100327685624e-06
5.427390796063121721e-06
6.806049407789579451e-06
8.604945226261225731e-06
1.097467562789187310e-05
1.412829950374064847e-05
1.837094880292785551e-05
2.414532241012305405e-05
3.210261697825763977e-05
4.321484808769473352e-05
5.895565247111067629e-05
8.159639482401669769e-05
1.147000179845353795e-04
1.639606057887531677e-04
2.386596294623236883e-04
3.542455139786052760e-04
5.370042243596304804e-04
8.327094617648426707e-04
1.323015265991296131e-03
2.157214091435079306e-03
3.614848608031465387e-03
6.229241042151122815e-03
1.101653137174988216e-02
1.976054161620010088e-02
3.417330071050286161e-02
4.465686920256593112e-02
0.000000000000000000e+00
-4.465686920256593112e-02
-3.417330071050286161e-02
-1.976054161620010088e-02
-1.101653137174988216e-02
-6.229241042151122815e-03
-3.614848608031465387e-03
-2.157214091435079306e-03
-1.323015265991296131e-03
-8.327094617648426707e-04
-5.370042243596304804e-04
-3.542455139786052760e-04
-2.386596294623236883e-04
-1.639606057887531677e-04
-1.147000179845353795e-04
-8.159639482401669769e-05
-5.895565247111067629e-05
-4.321484808769473352e-05
-3.210261697825763977e-05
-2.414532241012305405e-05
-1.837094880292785551e-05
-1.412829950374064847e-05
-1.097467562789187310e-05
-8.604945226261225731e-06
-6.806049407789579451e-06
-5.427390796063121721e-06
-4.361289100327685624e-06
-3.529909760727319780e-06
-2.876411696404015841e-06
-2.358880780450448449e-06
-1.946125344710379767e-06
-1.614730902205948488e-06
-1.346975927631076395e-06
-1.129342679684043748e-06
-9.514433844191342909e-07
-8.052391437207866479e-07
-6.844670316958278423e-07
-5.842165493112977914e-07
-5.006141250761146077e-07
-4.305863987378480740e-07
-3.716813875824152015e-07
-3.219324890245870909e-07
-2.797544051185058832e-07
-2.438630141330377368e-07
-2.132133214348408454e-07
-1.869511433393044648e-07
-1.643752838083460760e-07
-1.449077736110472256e-07
-1.280703381101373018e-07
-1.134657020553989816e-07
-1.007626695405720238e-07
-8.968416462040634101e-08
-7.999760462534906477e-08
-7.150711965070022718e-08
-6.404723949277165868e-08
-5.747775186836969093e-08
-5.167949929584508940e-08
-4.655093114556284914e-08
-4.200526552436684315e-08
-3.796814542181198805e-08
-3.437569685945632518e-08
-3.117291512020767331e-08
-2.831231961219590295e-08
-2.575282939633470407e-08
-2.345882053506001967e-08
-2.139933370749359865e-08
-1.954740637482466883e-08
-1.787950847298578579e-08
-1.637506439473110110e-08
-1.501604708547562865e-08
-1.378663256240135724e-08
-1.267290518919682759e-08
-1.166260569017219268e-08
-1.074491523943415226e-08
-9.910270070665269566e-09
-9.150201966630682835e-09
-8.457200741513515221e-09
-7.824595453028145935e-09
-7.246451598720148961e-09
-6.717481981115424911e-09
-6.232969284971199074e-09
-5.788698709431431119e-09
-5.380899248682715358e-09
-5.006192425139633056e-09
-4.661547456133564415e-09
-4.344241984176659506e-09
-4.051827626761601598e-09
-3.782099708161987876e-09
-3.533070625979228687e-09
-3.302946381854879378e-09
-3.090105871006175259e-09
-2.893082580852015487e-09
-2.710548396483437067e-09
-2.541299251352987555e-09
-2.384242396363621351e-09
-2.238385090412111315e-09
-2.102824541124111923e-09
-1.976738946632955957e-09
-1.859379508325627139e-09
-1.750063300952633999e-09
-1.648166900748173233e-09
-1.553120684551396545e-09
-1.464403723629464479e-09
-1.381539205207087813e-09
-1.304090322802041000e-09
-1.231656583517796207e-09
-1.163870486595844011e-09
-1.100394532903433603e-09
-1.040918529731644439e-09
-9.851571593938276772e-10
-9.328477837224969852e-10
-8.837484597299451122e-10
-8.376361444815566991e-10
-7.943050696801544658e-10
-7.535652686173776729e-10
-7.152412400511035755e-10
-6.791707352478938383e-10
-6.452036559145277337e-10
-6.132010520564918082e-10
-5.830342099651234181e-10
-5.545838215669621690e-10
-5.277392272846655526e-10
-5.023977253725931059e-10
-4.784639414136947782e-10
-4.558492523085642075e-10
-4.344712596614264227e-10
-4.142533079797306250e-10
-3.951240435610005759e-10
-3.770170103488468539e-10
-3.598702794052136872e-10
-3.436261089727327953e-10
-3.282306323938462450e-10
-3.136335714158925117e-10
-2.997879726468977339e-10
-2.866499651384198731e-10
-2.741785372619383269e-10
-2.623353312163643615e-10
-2.510844536582669507e-10
-2.403923010851483050e-10
-2.302273987272409869e-10
-2.205602518161855291e-10
-2.113632082008966555e-10
-2.026103313730594151e-10
-1.942772830480139463e-10
-1.863412145221835490e-10
-1.787806660964879417e-10
-1.715754739170648314e-10
-1.647066836407414668e-10
-1.581564703836259124e-10
-1.519080644574311784e-10
-1.459456824401684976e-10
-1.402544631660628199e-10
-1.348204082542925707e-10
-1.296303268278289832e-10
-1.246717841024622583e-10
-1.199330535524020354e-10
-1.154030723828029150e-10
-1.110714000614492228e-10
-1.069281796818129660e-10
-1.029641019479513678e-10
-9.917037158840556420e-11
-9.553867602152497014e-11
-9.206115610861933351e-11
-8.873037884413873142e-11
-8.553931184380087384e-11
-8.248129950234584510e-11
-7.955004070244895885e-11
-7.673956796538214966e-11
-7.404422794231266469e-11
-7.145866315277425086e-11
-6.897779488385579387e-11
-6.659680717010493015e-11
-6.431113178008900925e-11
-6.211643414101331522e-11
-6.000860013783619547e-11
-5.798372372795662762e-11
-5.603809531682633698e-11
-5.416819084378395714e-11
-5.237066153104417218e-11
-5.064232425213832153e-11
-4.898015247920346053e-11
-4.738126777138361931e-11
-4.584293176925754118e-11
-4.436253866265773679e-11
-4.293760810151393576e-11
-4.156577852145101731e-11
-4.024480085781604134e-11
-3.897253262361023281e-11
-3.774693232846700265e-11
-3.656605421736789741e-11
-3.542804330922019339e-11
-3.433113071675211604e-11
-3.327362923041824851e-11
-3.225392915015269236e-11
-3.127049434987724290e-11
-3.032185856065898493e-11
-2.940662185933492549e-11
-2.852344735027754180e-11
-2.767105802877111551e-11
-2.684823381521190757e-11
-2.605380875003422431e-11
-2.528666833991000079e-11
-2.454574704636596374e-11
-2.383002590852362653e-11
-2.313853029218673156e-11
-2.247032775798722485e-11
-2.182452604175371272e-11
-2.120027114069032611e-11
-2.059674549934728390e-11
-2.001316628973555730e-11
-1.944878378028054454e-11
-1.890287978863376514e-11
-1.837476621366146488e-11
-1.786378364221090721e-11
-1.736930002651947215e-11
-1.689070942837721133e-11
-1.642743082638472385e-11
-1.597890698286491009e-11
-1.554460336718847561e-11
-1.512400713246397444e-11
-1.471662614272002974e-11
-1.432198804787456036e-11
-1.393963940394193993e-11
-1.356914483607564592e-11
-1.321008624218184121e-11
-1.286206203496773659e-11
-1.252468642041081890e-11
-1.219758871074789494e-11
-1.188041267019085128e-11
-1.157281589167547930e-11
-1.127446920304520894e-11
-1.098505610115965210e-11
-1.070427221250180264e-11
-1.043182477893608947e-11
-1.016743216734364580e-11
-9.910823401930506986e-12
-9.661737718069978859e-12
-9.419924136602400870e-12
-9.185141057573157564e-12
-8.957155872444993594e-12
-8.735744593871861032e-12
-8.520691502170551184e-12
-8.311788807671969503e-12
-8.108836328177033831e-12
-7.911641180783405993e-12
-7.720017487387304134e-12
-7.533786093201186179e-12
-7.352774297662291905e-12
-7.176815597139594894e-12
-7.005749438876983685e-12
-6.839420985639588929e-12
-6.677680890557556796e-12
-6.520385081687000604e-12
-6.367394555832605388e-12
-6.218575181199264293e-12
-6.073797508461979714e-12
-5.932936589863687190e-12
