-1.783460450726513911e-08
-1.854525697771152657e-08
-1.929014052503697983e-08
-2.007119308851248147e-08
-2.089047893049059131e-08
-2.175019796960337214e-08
-2.265269588594812882e-08
-2.360047506903552325e-08
-2.459620648640825654e-08
-2.564274255875499860e-08
-2.674313113614137757e-08
-2.790063067975881355e-08
-2.911872676447700634e-08
-3.040115002960855636e-08
-3.175189571880926016e-08
-3.317524496511869316e-08
-3.467578799398941867e-08
-3.625844943598247623e-08
-3.792851596187768038e-08
-3.969166647654793763e-08
-4.155400513440726847e-08
-4.352209746894024864e-08
-4.560300996218366284e-08
-4.780435341755450564e-08
-5.013433054166104281e-08
-5.260178818834489160e-08
-5.521627477191843365e-08
-5.798810341724030948e-08
-6.092842148288319301e-08
-6.404928717133232100e-08
-6.736375402820132792e-08
-7.088596423237539466e-08
-7.463125169252958387e-08
-7.861625609463353466e-08
-8.285904919219117362e-08
-8.737927479878304464e-08
-9.219830413414857212e-08
-9.733940839425174338e-08
-1.028279506668093930e-07
-1.086915996016697165e-07
-1.149605675760852099e-07
-1.216678764752410714e-07
-1.288496546464962373e-07
-1.365454690912059568e-07
-1.447986975419964358e-07
-1.536569457492395489e-07
-1.631725160839633777e-07
-1.734029344741878439e-07
-1.844115437498439439e-07
-1.962681727043735766e-07
-2.090498916202632857e-07
-2.228418666886853207e-07
-2.377383277250849813e-07
-2.538436658969097500e-07
-2.712736809016534714e-07
-2.901570002411473374e-07
-3.106366970261099662e-07
-3.328721372277396427e-07
-3.570410926094809329e-07
-3.833421618909973925e-07
-4.119975502239702184e-07
-4.432562660477087809e-07
-4.773978051509063891e-07
-5.147364046743322937e-07
-5.556259653166528719e-07
-6.004657587316586894e-07
-6.497070597490190439e-07
-7.038608705069319444e-07
-7.635069369701618271e-07
-8.293042990187581519e-07
-9.020036650871913058e-07
-9.824619634237101245e-07
-1.071659497224688596e-06
-1.170720223731680459e-06
-1.280935792386714708e-06
-1.403794120113737747e-06
-1.541013460164512497e-06
-1.694583144318785396e-06
-1.866812458966931673e-06
-2.060389469857623845e-06
-2.278452059126628595e-06
-2.524674009269249962e-06
-2.803369698403044222e-06
-3.119621907738743716e-06
-3.479438449871759658e-06
-3.889944891292281547e-06
-4.359622680066236122e-06
-4.898604656488704916e-06
-5.519043433690932735e-06
-6.235572778379657316e-06
-7.065888300979083575e-06
-8.031482036703707929e-06
-9.158576642458593424e-06
-1.047932004251183940e-05
-1.203332197697608831e-05
-1.386964225003733118e-05
-1.604937971500263705e-05
-1.864906577274325005e-05
-2.176514312507285483e-05
-2.551991963141574154e-05
-3.006954311890524674e-05
-3.561476804977932236e-05
-4.241561266008910349e-05
-5.081148703935959232e-05
-6.124908835545775235e-05
-7.432143388399627235e-05
-9.082303340068559967e-05
-1.118287067473799397e-04
-1.388074442547716834e-04
-1.737888325198101399e-04
-2.196093339300478700e-04
-2.802814935742344439e-04
-3.615550263480736830e-04
-4.717817946484876386e-04
-6.232694297559829419e-04
-8.344332052310584778e-04
-1.133273608726995639e-03
-1.563093603810114095e-03
-2.192067561327570597e-03
-3.129557315950147380e-03
-4.554477339440868994e-03
-6.765627465010283503e-03
-1.027305871433078707e-02
-1.596876199462482146e-02
-2.546036234690415151e-02
-4.177630304371938302e-02
-7.089607284952692545e-02
-1.214263098068270735e-01
-1.629475875060928947e-01
-1.214263098068270735e-01
-7.089607284952692545e-02
-4.177630304371938302e-02
-2.546036234690415151e-02
-1.596876199462482146e-02
-1.027305871433078707e-02
-6.765627465010283503e-03
-4.554477339440868994e-03
-3.129557315950147380e-03
-2.192067561327570597e-03
-1.563093603810114095e-03
-1.133273608726995639e-03
-8.344332052310584778e-04
-6.232694297559829419e-04
-4.717817946484876386e-04
-3.615550263480736830e-04
-2.802814935742344439e-04
-2.196093339300478700e-04
-1.737888325198101399e-04
-1.388074442547716834e-04
-1.118287067473799397e-04
-9.082303340068559967e-05
-7.432143388399627235e-05
-6.124908835545775235e-05
-5.081148703935959232e-05
-4.241561266008910349e-05
-3.561476804977932236e-05
-3.006954311890524674e-05
-2.551991963141574154e-05
-2.176514312507285483e-05
-1.864906577274325005e-05
-1.604937971500263705e-05
-1.386964225003733118e-05
-1.203332197697608831e-05
-1.047932004251183940e-05
-9.158576642458593424e-06
-8.031482036703707929e-06
-7.065888300979083575e-06
-6.235572778379657316e-06
-5.519043433690932735e-06
-4.898604656488704916e-06
-4.359622680066236122e-06
-3.889944891292281547e-06
-3.479438449871759658e-06
-3.119621907738743716e-06
-2.803369698403044222e-06
-2.524674009269249962e-06
-2.278452059126628595e-06
-2.060389469857623845e-06
-1.866812458966931673e-06
-1.694583144318785396e-06
-1.541013460164512497e-06
-1.403794120113737747e-06
-1.280935792386714708e-06
-1.170720223731680459e-06
-1.071659497224688596e-06
-9.824619634237101245e-07
-9.020036650871913058e-07
-8.293042990187581519e-07
-7.635069369701618271e-07
-7.038608705069319444e-07
-6.497070597490190439e-07
-6.004657587316586894e-07
-5.556259653166528719e-07
-5.147364046743322937e-07
-4.773978051509063891e-07
-4.432562660477087809e-07
-4.119975502239702184e-07
-3.833421618909973925e-07
-3.570410926094809329e-07
-3.328721372277396427e-07
-3.106366970261099662e-07
-2.901570002411473374e-07
-2.712736809016534714e-07
-2.538436658969097500e-07
-2.377383277250849813e-07
-2.228418666886853207e-07
-2.090498916202632857e-07
-1.962681727043735766e-07
-1.844115437498439439e-07
-1.734029344741878439e-07
-1.631725160839633777e-07
-1.536569457492395489e-07
-1.447986975419964358e-07
-1.365454690912059568e-07
-1.288496546464962373e-07
-1.216678764752410714e-07
-1.149605675760852099e-07
-1.086915996016697165e-07
-1.028279506668093930e-07
-9.733940839425174338e-08
-9.219830413414857212e-08
-8.737927479878304464e-08
-8.285904919219117362e-08
-7.861625609463353466e-08
-7.463125169252958387e-08
-7.088596423237539466e-08
-6.736375402820132792e-08
-6.404928717133232100e-08
-6.092842148288319301e-08
-5.798810341724030948e-08
-5.521627477191843365e-08
-5.260178818834489160e-08
-5.013433054166104281e-08
-4.780435341755450564e-08
-4.560300996218366284e-08
-4.352209746894024864e-08
-4.155400513440726847e-08
-3.969166647654793763e-08
-3.792851596187768038e-08
-3.625844943598247623e-08
-3.467578799398941867e-08
-3.317524496511869316e-08
-3.175189571880926016e-08
-3.040115002960855636e-08
-2.911872676447700634e-08
-2.790063067975881355e-08
-2.674313113614137757e-08
-2.564274255875499860e-08
-2.459620648640825654e-08
-2.360047506903552325e-08
-2.265269588594812882e-08
-2.175019796960337214e-08
-2.089047893049059131e-08
-2.007119308851248147e-08
-1.929014052503697983e-08
-1.854525697771152657e-08
-1.783460450726513911e-08
7.157596384714837239e-10
7.501088302294553184e-10
7.863954645325198648e-10
8.247453675656309524e-10
8.652936279590361214e-10
9.081853601315446234e-10
9.535765373624622619e-10
1.001634901594127892e-09
1.052540957734607180e-09
1.106489061089015869e-09
1.163688607509972067e-09
1.224365336936074109e-09
1.288762762197355558e-09
1.357143736325734487e-09
1.429792173136301646e-09
1.507014937564593368e-09
1.589143924181668529e-09
1.676538344492510273e-09
1.769587246088117340e-09
1.868712289506633415e-09
1.974370811809098352e-09
2.087059209442376481e-09
2.207316677005452617e-09
2.335729343124066078e-09
2.472934849852347387e-09
2.619627427950492433e-09
2.776563527140988335e-09
2.944568068146553547e-09
3.124541392103372062e-09
3.317466992991330513e-09
3.524420130222467409e-09
3.746577431706869026e-09
3.985227612836783033e-09
4.241783454204571948e-09
4.517795200861682700e-09
4.814965568960561414e-09
5.135166572200021652e-09
5.480458411207697409e-09
5.853110704536088164e-09
6.255626381143874404e-09
6.690768602054423834e-09
7.161591134481312746e-09
7.671472666457337931e-09
8.224155625526196174e-09
8.823790153300030678e-09
9.474983990968374222e-09
1.018285915194330851e-08
1.095311640006823868e-08
1.179210871920547505e-08
1.270692515736267113e-08
1.370548666163339510e-08
1.479665579613572771e-08
1.599036256234944442e-08
1.729774893011944089e-08
1.873133515070233018e-08
2.030521147595077761e-08
2.203525956885984796e-08
2.393940868329950111e-08
2.603793264318547154e-08
2.835379479855944950e-08
3.091304952128086354e-08
3.374531047986006135e-08
3.688429796800267890e-08
4.036848003775022893e-08
4.424182520956589768e-08
4.855468822864160869e-08
5.336485487306751887e-08
5.873877740234633348e-08
6.475303912628908540e-08
7.149609510793639694e-08
7.907034661498802361e-08
8.759462014659355283e-08
9.720713838567901143e-08
1.080690911634051483e-07
1.203689406401789301e-07
1.343276279259824601e-07
1.502048902652031425e-07
1.683069512988842117e-07
1.889959152168578415e-07
2.127012833579187887e-07
2.399341250369670984e-07
2.713045811294503995e-07
3.075435700433535743e-07
3.495298157611817618e-07
3.983236464600976827e-07
4.552094468710326860e-07
5.217492251559393657e-07
5.998505269554918801e-07
6.918529666590702519e-07
8.006390485507740573e-07
9.297768586199387447e-07
1.083704820424265685e-06
1.267972309485115889e-06
1.489554918815756302e-06
1.757270155501811691e-06
2.082329189980988940e-06
2.479074250483380621e-06
2.965971249149065365e-06
3.566956083611418813e-06
4.313275076145883287e-06
5.246021758973014472e-06
6.419663824859876278e-06
7.906991344789520896e-06
9.806125232102276751e-06
1.225054314371999513e-05
1.542357266079764537e-05
1.957957336550933739e-05
2.507525343389815841e-05
3.241653261657181429e-05
4.232956449582072754e-05
5.586981488320274820e-05
7.459194216750443269e-05
1.008182676988528948e-04
1.380695933363725427e-04
1.917676784294127955e-04
2.703999257008272961e-04
3.874841444584487351e-04
5.649429609114180618e-04
8.390068199458414720e-04
1.270733265879969535e-03
1.965087636471226761e-03
3.106056269874167119e-03
5.021516895523443769e-03
8.299585969933671523e-03
1.396701651860229529e-02
2.355348968966191475e-02
3.751910571357106733e-02
4.374139668906085188e-02
0.000000000000000000e+00
-4.374139668906085188e-02
-3.751910571357106733e-02
-2.355348968966191475e-02
-1.396701651860229529e-02
-8.299585969933671523e-03
-5.021516895523443769e-03
-3.106056269874167119e-03
-1.965087636471226761e-03
-1.270733265879969535e-03
-8.390068199458414720e-04
-5.649429609114180618e-04
-3.874841444584487351e-04
-2.703999257008272961e-04
-1.917676784294127955e-04
-1.380695933363725427e-04
-1.008182676988528948e-04
-7.459194216750443269e-05
-5.586981488320274820e-05
-4.232956449582072754e-05
-3.241653261657181429e-05
-2.507525343389815841e-05
-1.957957336550933739e-05
-1.542357266079764537e-05
-1.225054314371999513e-05
-9.806125232102276751e-06
-7.906991344789520896e-06
-6.419663824859876278e-06
-5.246021758973014472e-06
-4.313275076145883287e-06
-3.566956083611418813e-06
-2.965971249149065365e-06
-2.479074250483380621e-06
-2.082329189980988940e-06
-1.757270155501811691e-06
-1.489554918815756302e-06
-1.267972309485115889e-06
-1.083704820424265685e-06
-9.297768586199387447e-07
-8.006390485507740573e-07
-6.918529666590702519e-07
-5.998505269554918801e-07
-5.217492251559393657e-07
-4.552094468710326860e-07
-3.983236464600976827e-07
-3.495298157611817618e-07
-3.075435700433535743e-07
-2.713045811294503995e-07
-2.399341250369670984e-07
-2.127012833579187887e-07
-1.889959152168578415e-07
-1.683069512988842117e-07
-1.502048902652031425e-07
-1.343276279259824601e-07
-1.203689406401789301e-07
-1.080690911634051483e-07
-9.720713838567901143e-08
-8.759462014659355283e-08
-7.907034661498802361e-08
-7.149609510793639694e-08
-6.475303912628908540e-08
-5.873877740234633348e-08
-5.336485487306751887e-08
-4.855468822864160869e-08
-4.424182520956589768e-08
-4.036848003775022893e-08
-3.688429796800267890e-08
-3.374531047986006135e-08
-3.091304952128086354e-08
-2.835379479855944950e-08
-2.603793264318547154e-08
-2.393940868329950111e-08
-2.203525956885984796e-08
-2.030521147595077761e-08
-1.873133515070233018e-08
-1.729774893011944089e-08
-1.599036256234944442e-08
-1.479665579613572771e-08
-1.370548666163339510e-08
-1.270692515736267113e-08
-1.179210871920547505e-08
-1.095311640006823868e-08
-1.018285915194330851e-08
-9.474983990968374222e-09
-8.823790153300030678e-09
-8.224155625526196174e-09
-7.671472666457337931e-09
-7.161591134481312746e-09
-6.690768602054423834e-09
-6.255626381143874404e-09
-5.853110704536088164e-09
-5.480458411207697409e-09
-5.135166572200021652e-09
-4.814965568960561414e-09
-4.517795200861682700e-09
-4.241783454204571948e-09
-3.985227612836783033e-09
-3.746577431706869026e-09
-3.524420130222467409e-09
-3.317466992991330513e-09
-3.124541392103372062e-09
-2.944568068146553547e-09
-2.776563527140988335e-09
-2.619627427950492433e-09
-2.472934849852347387e-09
-2.335729343124066078e-09
-2.207316677005452617e-09
-2.087059209442376481e-09
-1.974370811809098352e-09
-1.868712289506633415e-09
-1.769587246088117340e-09
-1.676538344492510273e-09
-1.589143924181668529e-09
-1.507014937564593368e-09
-1.429792173136301646e-09
-1.357143736325734487e-09
-1.288762762197355558e-09
-1.224365336936074109e-09
-1.163688607509972067e-09
-1.106489061089015869e-09
-1.052540957734607180e-09
-1.001634901594127892e-09
-9.535765373624622619e-10
-9.081853601315446234e-10
-8.652936279590361214e-10
-8.247453675656309524e-10
-7.863954645325198648e-10
-7.501088302294553184e-10
-7.157596384714837239e-10
