-3.369530367296574854e-07
-3.642196560455364229e-07
-3.941714640532511667e-07
-4.271213827888819248e-07
-4.634246139924545362e-07
-5.034851598190103240e-07
-5.477634775235300371e-07
-5.967854882930773471e-07
-6.511532077419322428e-07
-7.115573241249913392e-07
-7.787921229575451992e-07
-8.537732471672315419e-07
-9.375588949217143572e-07
-1.031375199043264871e-06
-1.136646710444354206e-06
-1.255033133730306584e-06
-1.388473749676320536e-06
-1.539241324666819272e-06
-1.710007775139811126e-06
-1.903924457168530955e-06
-2.124720729689108611e-06
-2.376825451148852010e-06
-2.665517389940617396e-06
-2.997112262722877692e-06
-3.379196403467644725e-06
-3.820920104899328124e-06
-4.333367732863543455e-06
-4.930027169271611281e-06
-5.627388518437754850e-06
-6.445712060912822936e-06
-7.410019220821887125e-06
-8.551379352394234166e-06
-9.908591656162445355e-06
-1.153039872726218878e-05
-1.347842086276489454e-05
-1.583107536617828237e-05
-1.868885327353605086e-05
-2.218148324177947426e-05
-2.647774338854163610e-05
-3.179902477066423036e-05
-3.843826467911293021e-05
-4.678664877841913982e-05
-5.737168055886481379e-05
-7.091208236212539486e-05
-8.839793320020775645e-05
-1.112091489873094673e-04
-1.412930332109838937e-04
-1.814341766403472988e-04
-2.356709818668421971e-04
-3.099488080290807059e-04
-4.131615645272451514e-04
-5.588425863773153427e-04
-7.679614576036668206e-04
-1.073642273462338363e-03
-1.529289859755331464e-03
-2.222892160540260956e-03
-3.302769677094142577e-03
-5.025046729625329799e-03
-7.843409428358762495e-03
-1.258379002090328005e-02
-2.079814724952003258e-02
-3.553314005245818141e-02
-6.315231011480555712e-02
-1.150644828870647923e-01
-1.629475875060929224e-01
-1.150644828870647923e-01
-6.315231011480555712e-02
-3.553314005245818141e-02
-2.079814724952003258e-02
-1.258379002090328005e-02
-7.843409428358762495e-03
-5.025046729625329799e-03
-3.302769677094142577e-03
-2.222892160540260956e-03
-1.529289859755331464e-03
-1.073642273462338363e-03
-7.679614576036668206e-04
-5.588425863773153427e-04
-4.131615645272451514e-04
-3.099488080290807059e-04
-2.356709818668421971e-04
-1.814341766403472988e-04
-1.412930332109838937e-04
-1.112091489873094673e-04
-8.839793320020775645e-05
-7.091208236212539486e-05
-5.737168055886481379e-05
-4.678664877841913982e-05
-3.843826467911293021e-05
-3.179902477066423036e-05
-2.647774338854163610e-05
-2.218148324177947426e-05
-1.868885327353605086e-05
-1.583107536617828237e-05
-1.347842086276489454e-05
-1.153039872726218878e-05
-9.908591656162445355e-06
-8.551379352394234166e-06
-7.410019220821887125e-06
-6.445712060912822936e-06
-5.627388518437754850e-06
-4.930027169271611281e-06
-4.333367732863543455e-06
-3.820920104899328124e-06
-3.379196403467644725e-06
-2.997112262722877692e-06
-2.665517389940617396e-06
-2.376825451148852010e-06
-2.124720729689108611e-06
-1.903924457168530955e-06
-1.710007775139811126e-06
-1.539241324666819272e-06
-1.388473749676320536e-06
-1.255033133730306584e-06
-1.136646710444354206e-06
-1.031375199043264871e-06
-9.375588949217143572e-07
-8.537732471672315419e-07
-7.787921229575451992e-07
-7.115573241249913392e-07
-6.511532077419322428e-07
-5.967854882930773471e-07
-5.477634775235300371e-07
-5.034851598190103240e-07
-4.634246139924545362e-07
-4.271213827888819248e-07
-3.941714640532511667e-07
-3.642196560455364229e-07
-3.369530367296574854e-07
2.429168149079997426e-08
2.666676613883157668e-08
2.931666508791916399e-08
3.227824694481974309e-08
3.559402664337340022e-08
3.931314054017235352e-08
4.349250953336411683e-08
4.819823035874901887e-08
5.350724465045848639e-08
5.950934721037137436e-08
6.630960988880126747e-08
7.403131642203491154e-08
8.281952765575652419e-08
9.284542732644931262e-08
1.043116379816231156e-07
1.174587473557670481e-07
1.325733511308655925e-07
1.499980032532249483e-07
1.701435762573861169e-07
1.935046800375344273e-07
2.206789800206864973e-07
2.523915109161808761e-07
2.895254224419547818e-07
3.331610495799726642e-07
3.846258151421664696e-07
4.455583073581011518e-07
5.179910155904375218e-07
6.044577753511867715e-07
7.081341449740808215e-07
8.330219644339319694e-07
9.841936021378102659e-07
1.168117422647212554e-06
1.393094615344476760e-06
1.669849921173497777e-06
2.012336811248939176e-06
2.438844100702525040e-06
2.973530133014167822e-06
3.648569264570221300e-06
4.507184014929672499e-06
5.607971837860614845e-06
7.031145332492743649e-06
8.887633555683479463e-06
1.133251404232581994e-05
1.458508483102060243e-05
1.895925587573831121e-05
2.491020802888432766e-05
3.310708343751613968e-05
4.454799305387028093e-05
6.074496449066075181e-05
8.402651334426847239e-05
1.180416720610104976e-04
1.686157156794526558e-04
2.452322376567673797e-04
3.636541143830369894e-04
5.506602459360525727e-04
8.528000262453498811e-04
1.352944499159131368e-03
2.202264164113117845e-03
3.683063248222966796e-03
6.332173720760718438e-03
1.116785213218950829e-02
1.996370540934194401e-02
3.436762991183538174e-02
4.462212006019622423e-02
0.000000000000000000e+00
-4.462212006019622423e-02
-3.436762991183538174e-02
-1.996370540934194401e-02
-1.116785213218950829e-02
-6.332173720760718438e-03
-3.683063248222966796e-03
-2.202264164113117845e-03
-1.352944499159131368e-03
-8.528000262453498811e-04
-5.506602459360525727e-04
-3.636541143830369894e-04
-2.452322376567673797e-04
-1.686157156794526558e-04
-1.180416720610104976e-04
-8.402651334426847239e-05
-6.074496449066075181e-05
-4.454799305387028093e-05
-3.310708343751613968e-05
-2.491020802888432766e-05
-1.895925587573831121e-05
-1.458508483102060243e-05
-1.133251404232581994e-05
-8.887633555683479463e-06
-7.031145332492743649e-06
-5.607971837860614845e-06
-4.507184014929672499e-06
-3.648569264570221300e-06
-2.973530133014167822e-06
-2.438844100702525040e-06
-2.012336811248939176e-06
-1.669849921173497777e-06
-1.393094615344476760e-06
-1.168117422647212554e-06
-9.841936021378102659e-07
-8.330219644339319694e-07
-7.081341449740808215e-07
-6.044577753511867715e-07
-5.179910155904375218e-07
-4.455583073581011518e-07
-3.846258151421664696e-07
-3.331610495799726642e-07
-2.895254224419547818e-07
-2.523915109161808761e-07
-2.206789800206864973e-07
-1.935046800375344273e-07
-1.701435762573861169e-07
-1.499980032532249483e-07
-1.325733511308655925e-07
-1.174587473557670481e-07
-1.043116379816231156e-07
-9.284542732644931262e-08
-8.281952765575652419e-08
-7.403131642203491154e-08
-6.630960988880126747e-08
-5.950934721037137436e-08
-5.350724465045848639e-08
-4.819823035874901887e-08
-4.349250953336411683e-08
-3.931314054017235352e-08
-3.559402664337340022e-08
-3.227824694481974309e-08
-2.931666508791916399e-08
-2.666676613883157668e-08
-2.429168149079997426e-08
