1.193917570010517105e-08
1.241282068881923206e-08
1.290916193677087680e-08
1.342947663408884301e-08
1.397512465329421893e-08
1.454755461104778879e-08
1.514831042697558473e-08
1.577903842471031768e-08
1.644149502478755604e-08
1.713755508402641094e-08
1.786922094156307160e-08
1.863863223785540877e-08
1.944807657981405453e-08
2.030000113282002050e-08
2.119702522885626771e-08
2.214195408941721430e-08
2.313779377238431278e-08
2.418776746380545988e-08
2.529533324864460869e-08
2.646420350925237079e-08
2.769836611674627498e-08
2.900210759891109790e-08
3.038003848889173738e-08
3.183712108215089130e-08
3.337869985523996593e-08
3.501053482926849449e-08
3.673883819399980422e-08
3.857031454575639881e-08
4.051220513436718717e-08
4.257233656190467044e-08
4.475917442971017692e-08
4.708188249107840869e-08
4.955038793599568408e-08
5.217545351267709178e-08
5.496875727970359286e-08
5.794298088389890321e-08
6.111190737455313030e-08
6.449052969633191940e-08
6.809517115368843748e-08
7.194361931172818192e-08
7.605527499563016372e-08
8.045131827686756738e-08
8.515489359420968577e-08
9.019131645625024541e-08
9.558830451636527359e-08
1.013762362080366948e-07
1.075884405872107042e-07
1.142615225592084329e-07
1.214357282829767627e-07
1.291553562597313657e-07
1.374692204436236352e-07
1.464311726794977295e-07
1.561006929016078330e-07
1.665435568465591809e-07
1.778325925786798374e-07
1.900485389383907462e-07
2.032810211542045209e-07
2.176296613672446190e-07
2.332053447765548627e-07
2.501316656121192998e-07
2.685465812871604129e-07
2.886043080014891769e-07
3.104774969210963244e-07
3.343597370380488621e-07
3.604684391541320971e-07
3.890481654196623880e-07
4.203744808494331179e-07
4.547584176669643359e-07
4.925516607347371702e-07
5.341525833790616978e-07
5.800132884422909386e-07
6.306478404242365034e-07
6.866419123980510768e-07
7.486641176184706228e-07
8.174793524115214982e-07
8.939645466024204919e-07
9.791273036364174810e-07
1.074128018777713896e-06
1.180306195554205055e-06
1.299211844614867533e-06
1.432643053919096876e-06
1.582691075656649827e-06
1.751794597656827138e-06
1.942805273606618973e-06
2.159067100957038690e-06
2.404512888977461380e-06
2.683781892606397659e-06
3.002363753835140983e-06
3.366775261573263472e-06
3.784778206150946450e-06
4.265648889059826861e-06
4.820512816345552764e-06
5.462761974519973140e-06
6.208577154846349469e-06
7.077584450378094260e-06
8.093683832485193934e-06
9.286099338544291353e-06
1.069071584201100429e-05
1.235178794560599855e-05
1.432413401706219831e-05
1.667596517672045994e-05
1.949254837640745024e-05
2.288096888953616517e-05
2.697634624791793142e-05
3.194997626622100357e-05
3.802002950933585068e-05
4.546564431646142368e-05
5.464552194116655925e-05
6.602247189791221149e-05
8.019576729047861788e-05
9.794362786326544167e-05
1.202785701338654820e-04
1.485185417741261482e-04
1.843762244382137123e-04
2.300666518703887932e-04
2.884273027747650663e-04
3.630309666555999381e-04
4.582417462814040976e-04
5.791023906935121148e-04
7.308149663519163336e-04
9.173235714242850046e-04
1.137997629200524115e-03
1.380358382717144800e-03
1.604464543313958384e-03
1.709028341290463361e-03
1.456913552516484172e-03
3.388365111794842325e-04
-2.264077022964588754e-03
-4.401910763121757823e-03
-2.264077022964588754e-03
3.388365111794842325e-04
1.456913552516484172e-03
1.709028341290463361e-03
1.604464543313958384e-03
1.380358382717144800e-03
1.137997629200524115e-03
9.173235714242850046e-04
7.308149663519163336e-04
5.791023906935121148e-04
4.582417462814040976e-04
3.630309666555999381e-04
2.884273027747650663e-04
2.300666518703887932e-04
1.843762244382137123e-04
1.485185417741261482e-04
1.202785701338654820e-04
9.794362786326544167e-05
8.019576729047861788e-05
6.602247189791221149e-05
5.464552194116655925e-05
4.546564431646142368e-05
3.802002950933585068e-05
3.194997626622100357e-05
2.697634624791793142e-05
2.288096888953616517e-05
1.949254837640745024e-05
1.667596517672045994e-05
1.432413401706219831e-05
1.235178794560599855e-05
1.069071584201100429e-05
9.286099338544291353e-06
8.093683832485193934e-06
7.077584450378094260e-06
6.208577154846349469e-06
5.462761974519973140e-06
4.820512816345552764e-06
4.265648889059826861e-06
3.784778206150946450e-06
3.366775261573263472e-06
3.002363753835140983e-06
2.683781892606397659e-06
2.404512888977461380e-06
2.159067100957038690e-06
1.942805273606618973e-06
1.751794597656827138e-06
1.582691075656649827e-06
1.432643053919096876e-06
1.299211844614867533e-06
1.180306195554205055e-06
1.074128018777713896e-06
9.791273036364174810e-07
8.939645466024204919e-07
8.174793524115214982e-07
7.486641176184706228e-07
6.866419123980510768e-07
6.306478404242365034e-07
5.800132884422909386e-07
5.341525833790616978e-07
4.925516607347371702e-07
4.547584176669643359e-07
4.203744808494331179e-07
3.890481654196623880e-07
3.604684391541320971e-07
3.343597370380488621e-07
3.104774969210963244e-07
2.886043080014891769e-07
2.685465812871604129e-07
2.501316656121192998e-07
2.332053447765548627e-07
2.176296613672446190e-07
2.032810211542045209e-07
1.900485389383907462e-07
1.778325925786798374e-07
1.665435568465591809e-07
1.561006929016078330e-07
1.464311726794977295e-07
1.374692204436236352e-07
1.291553562597313657e-07
1.214357282829767627e-07
1.142615225592084329e-07
1.075884405872107042e-07
1.013762362080366948e-07
9.558830451636527359e-08
9.019131645625024541e-08
8.515489359420968577e-08
8.045131827686756738e-08
7.605527499563016372e-08
7.194361931172818192e-08
6.809517115368843748e-08
6.449052969633191940e-08
6.111190737455313030e-08
5.794298088389890321e-08
5.496875727970359286e-08
5.217545351267709178e-08
4.955038793599568408e-08
4.708188249107840869e-08
4.475917442971017692e-08
4.257233656190467044e-08
4.051220513436718717e-08
3.857031454575639881e-08
3.673883819399980422e-08
3.501053482926849449e-08
3.337869985523996593e-08
3.183712108215089130e-08
3.038003848889173738e-08
2.900210759891109790e-08
2.769836611674627498e-08
2.646420350925237079e-08
2.529533324864460869e-08
2.418776746380545988e-08
2.313779377238431278e-08
2.214195408941721430e-08
2.119702522885626771e-08
2.030000113282002050e-08
1.944807657981405453e-08
1.863863223785540877e-08
1.786922094156307160e-08
1.713755508402641094e-08
1.644149502478755604e-08
1.577903842471031768e-08
1.514831042697558473e-08
1.454755461104778879e-08
1.397512465329421893e-08
1.342947663408884301e-08
1.290916193677087680e-08
1.241282068881923206e-08
1.193917570010517105e-08
6.526981798608992206e-08
6.732090842725050743e-08
6.945296299036315203e-08
7.166983539277211865e-08
7.397559437099834947e-08
7.637453745555964594e-08
7.887120574305966072e-08
8.147039974611997549e-08
8.417719640891997464e-08
8.699696738400314845e-08
8.993539867468092526e-08
9.299851175689478220e-08
9.619268630488685477e-08
9.952468465657055274e-08
1.030016781672101616e-07
1.066312756140397553e-07
1.104215538299192959e-07
1.143810907612061486e-07
1.185190011638922273e-07
1.228449751729291359e-07
1.273693200027612248e-07
1.321030050626721730e-07
1.370577107989121211e-07
1.422458816070381066e-07
1.476807831928421822e-07
1.533765647990696446e-07
1.593483267583203775e-07
1.656121938806120593e-07
1.721853952376552168e-07
1.790863509656479393e-07
1.863347667750950797e-07
1.939517369306839728e-07
2.019598565475974800e-07
2.103833441439428889e-07
2.192481754935265311e-07
2.285822299404611696e-07
2.384154504687424468e-07
2.487800189678925786e-07
2.597105483022081904e-07
2.712442929786110359e-07
2.834213804194001674e-07
2.962850650846928193e-07
3.098820079587445697e-07
3.242625842190310963e-07
3.394812222519467793e-07
3.555967775699774595e-07
3.726729456288741625e-07
3.907787180473749407e-07
4.099888873052245835e-07
4.303846056478858617e-07
4.520540046703063459e-07
4.750928829011422855e-07
4.996054696789403044e-07
5.257052747214847405e-07
5.535160340604643971e-07
5.831727644708791359e-07
6.148229401975395379e-07
6.486278077037700209e-07
6.847638563798673408e-07
7.234244656976286695e-07
7.648217522368027691e-07
8.091886434033262879e-07
8.567812085822785202e-07
9.078812830078587678e-07
9.627994248905045249e-07
1.021878252437140364e-06
1.085496214474285355e-06
1.154071856599008220e-06
1.228068654330430463e-06
1.308000495837350522e-06
1.394437909734761824e-06
1.488015148473805966e-06
1.589438255343222349e-06
1.699494263453979840e-06
1.819061698746838111e-06
1.949122586557927986e-06
2.090776193170795610e-06
2.245254770698119853e-06
2.413941616234028494e-06
2.598391805170440180e-06
2.800356014510607776e-06
3.021807915450773608e-06
3.264975685691526031e-06
3.532378270672809706e-06
3.826867108195907133e-06
4.151674120399627314e-06
4.510466866428882568e-06
4.907411830769524082e-06
5.347246883520007235e-06
5.835363969545203894e-06
6.377903031505931131e-06
6.981857997337093714e-06
7.655195288915664478e-06
8.406984617333731547e-06
9.247540640790873829e-06
1.018857209802217570e-05
1.124333187295088765e-05
1.242675645331142741e-05
1.375557543704904893e-05
1.524835961478869929e-05
1.692545741205728153e-05
1.880874056843640218e-05
2.092103539474671922e-05
2.328504731877606234e-05
2.592148055854716032e-05
2.884589117231320989e-05
3.206355844800805950e-05
3.556126657738507190e-05
3.929427745670264642e-05
4.316582364188969442e-05
4.699496662442232797e-05
5.046635306015245803e-05
5.305180599808721216e-05
5.388812793975764786e-05
5.158698249179698197e-05
4.393993288576925819e-05
2.746310920155955624e-05
-3.299523998026383745e-06
-5.682616305789101594e-05
-1.461582135176167738e-04
-2.910563848241065946e-04
-5.207415964979544582e-04
-8.766155168587347075e-04
-1.412535982462884187e-03
-2.184325240678794584e-03
-3.198259847606685531e-03
-4.196248505597017890e-03
-3.900168139284574623e-03
-0.000000000000000000e+00
3.900168139284574623e-03
4.196248505597017890e-03
3.198259847606685531e-03
2.184325240678794584e-03
1.412535982462884187e-03
8.766155168587347075e-04
5.207415964979544582e-04
2.910563848241065946e-04
1.461582135176167738e-04
5.682616305789101594e-05
3.299523998026383745e-06
-2.746310920155955624e-05
-4.393993288576925819e-05
-5.158698249179698197e-05
-5.388812793975764786e-05
-5.305180599808721216e-05
-5.046635306015245803e-05
-4.699496662442232797e-05
-4.316582364188969442e-05
-3.929427745670264642e-05
-3.556126657738507190e-05
-3.206355844800805950e-05
-2.884589117231320989e-05
-2.592148055854716032e-05
-2.328504731877606234e-05
-2.092103539474671922e-05
-1.880874056843640218e-05
-1.692545741205728153e-05
-1.524835961478869929e-05
-1.375557543704904893e-05
-1.242675645331142741e-05
-1.124333187295088765e-05
-1.018857209802217570e-05
-9.247540640790873829e-06
-8.406984617333731547e-06
-7.655195288915664478e-06
-6.981857997337093714e-06
-6.377903031505931131e-06
-5.835363969545203894e-06
-5.347246883520007235e-06
-4.907411830769524082e-06
-4.510466866428882568e-06
-4.151674120399627314e-06
-3.826867108195907133e-06
-3.532378270672809706e-06
-3.264975685691526031e-06
-3.021807915450773608e-06
-2.800356014510607776e-06
-2.598391805170440180e-06
-2.413941616234028494e-06
-2.245254770698119853e-06
-2.090776193170795610e-06
-1.949122586557927986e-06
-1.819061698746838111e-06
-1.699494263453979840e-06
-1.589438255343222349e-06
-1.488015148473805966e-06
-1.394437909734761824e-06
-1.308000495837350522e-06
-1.228068654330430463e-06
-1.154071856599008220e-06
-1.085496214474285355e-06
-1.021878252437140364e-06
-9.627994248905045249e-07
-9.078812830078587678e-07
-8.567812085822785202e-07
-8.091886434033262879e-07
-7.648217522368027691e-07
-7.234244656976286695e-07
-6.847638563798673408e-07
-6.486278077037700209e-07
-6.148229401975395379e-07
-5.831727644708791359e-07
-5.535160340604643971e-07
-5.257052747214847405e-07
-4.996054696789403044e-07
-4.750928829011422855e-07
-4.520540046703063459e-07
-4.303846056478858617e-07
-4.099888873052245835e-07
-3.907787180473749407e-07
-3.726729456288741625e-07
-3.555967775699774595e-07
-3.394812222519467793e-07
-3.242625842190310963e-07
-3.098820079587445697e-07
-2.962850650846928193e-07
-2.834213804194001674e-07
-2.712442929786110359e-07
-2.597105483022081904e-07
-2.487800189678925786e-07
-2.384154504687424468e-07
-2.285822299404611696e-07
-2.192481754935265311e-07
-2.103833441439428889e-07
-2.019598565475974800e-07
-1.939517369306839728e-07
-1.863347667750950797e-07
-1.790863509656479393e-07
-1.721853952376552168e-07
-1.656121938806120593e-07
-1.593483267583203775e-07
-1.533765647990696446e-07
-1.476807831928421822e-07
-1.422458816070381066e-07
-1.370577107989121211e-07
-1.321030050626721730e-07
-1.273693200027612248e-07
-1.228449751729291359e-07
-1.185190011638922273e-07
-1.143810907612061486e-07
-1.104215538299192959e-07
-1.066312756140397553e-07
-1.030016781672101616e-07
-9.952468465657055274e-08
-9.619268630488685477e-08
-9.299851175689478220e-08
-8.993539867468092526e-08
-8.699696738400314845e-08
-8.417719640891997464e-08
-8.147039974611997549e-08
-7.887120574305966072e-08
-7.637453745555964594e-08
-7.397559437099834947e-08
-7.166983539277211865e-08
-6.945296299036315203e-08
-6.732090842725050743e-08
-6.526981798608992206e-08
