6.916434214377320986e-12
6.984347720027334803e-12
7.053062968405957626e-12
7.122591022845024900e-12
7.192943121481991193e-12
7.264130680373237681e-12
7.336165296668882628e-12
7.409058751850850166e-12
7.482823015035247528e-12
7.557470246340712358e-12
7.633012800324005603e-12
7.709463229484428417e-12
7.786834287838554263e-12
7.865138934566822334e-12
7.944390337733627260e-12
8.024601878082414063e-12
8.105787152907652447e-12
8.187959980005204218e-12
8.271134401702935299e-12
8.355324688973381806e-12
8.440545345630257015e-12
8.526811112610686228e-12
8.614136972345169638e-12
8.702538153217152119e-12
8.792030134114345439e-12
8.882628649073720601e-12
8.974349692022470902e-12
9.067209521617068607e-12
9.161224666182481546e-12
9.256411928754200848e-12
9.352788392225052410e-12
9.450371424599493389e-12
9.549178684357595741e-12
9.649228125931515028e-12
9.750538005296914695e-12
9.853126885681856471e-12
9.957013643396186097e-12
1.006221747378397025e-11
1.016875789730200420e-11
1.027665476572711890e-11
1.038592826849566737e-11
1.049659893917781401e-11
1.060868766209028465e-11
1.072221567905032527e-11
1.083720459627473247e-11
1.095367639142695733e-11
1.107165342081594834e-11
1.119115842675042529e-11
1.131221454505210095e-11
1.143484531273182021e-11
1.155907467583230668e-11
1.168492699744174631e-11
1.181242706588206274e-11
1.194160010307630165e-11
1.207247177309920314e-11
1.220506819091571226e-11
1.233941593131164900e-11
1.247554203802130063e-11
1.261347403305695108e-11
1.275323992624485012e-11
1.289486822497311193e-11
1.303838794415622037e-11
1.318382861642212331e-11
1.333122030252662236e-11
1.348059360200132964e-11
1.363197966404045026e-11
1.378541019863273188e-11
1.394091748794431322e-11
1.409853439795879837e-11
1.425829439038125984e-11
1.442023153481219486e-11
1.458438052119878924e-11
1.475077667256997356e-11
1.491945595806275522e-11
1.509045500624687833e-11
1.526381111875561962e-11
1.543956228423018271e-11
1.561774719258598519e-11
1.579840524960866119e-11
1.598157659188844871e-11
1.616730210210158239e-11
1.635562342464741597e-11
1.654658298165055440e-11
1.674022398933729154e-11
1.693659047479629597e-11
1.713572729313281177e-11
1.733768014502749278e-11
1.754249559470948640e-11
1.775022108835516631e-11
1.796090497292346483e-11
1.817459651543887147e-11
1.839134592273458298e-11
1.861120436166703336e-11
1.883422397981492542e-11
1.906045792667512330e-11
1.928996037536887019e-11
1.952278654487145626e-11
1.975899272277986093e-11
1.999863628863210206e-11
2.024177573779344613e-11
2.048847070592454325e-11
2.073878199404700626e-11
2.099277159422283220e-11
2.125050271586376704e-11
2.151203981268813308e-11
2.177744861034237679e-11
2.204679613470557701e-11
2.232015074089528600e-11
2.259758214299433916e-11
2.287916144451783631e-11
2.316496116964094495e-11
2.345505529520844093e-11
2.374951928354753187e-11
2.404843011610620052e-11
2.435186632793977972e-11
2.465990804306978608e-11
2.497263701073889087e-11
2.529013664258735382e-11
2.561249205077646897e-11
2.593979008708603501e-11
2.627211938301295653e-11
2.660957039089923925e-11
2.695223542611872791e-11
2.730020871035252696e-11
2.765358641598417830e-11
2.801246671164610304e-11
2.837694980895112826e-11
2.874713801044203067e-11
2.912313575879515398e-11
2.950504968731307737e-11
2.989298867174499934e-11
3.028706388347215045e-11
3.068738884409811430e-11
3.109407948148591957e-11
3.150725418728262907e-11
3.192703387597647473e-11
3.235354204553023693e-11
3.278690483963867662e-11
3.322725111165649756e-11
3.367471249024753556e-11
3.412942344680539390e-11
3.459152136469882620e-11
3.506114661039613110e-11
3.553844260652437422e-11
3.602355590692254176e-11
3.651663627374719423e-11
3.701783675669422271e-11
3.752731377439859095e-11
3.804522719808091335e-11
3.857174043750627417e-11
3.910702052932813794e-11
3.965123822788887010e-11
4.020456809855310391e-11
4.076718861365157970e-11
4.133928225111531130e-11
4.192103559588484668e-11
4.251263944417896905e-11
4.311428891071320812e-11
4.372618353895890568e-11
4.434852741453962219e-11
4.498152928186141236e-11
4.562540266407985051e-11
4.628036598650952951e-11
4.694664270358342469e-11
4.762446142947638363e-11
4.831405607250801054e-11
4.901566597344710956e-11
4.972953604784082707e-11
5.045591693249911643e-11
5.119506513626766881e-11
5.194724319522812805e-11
5.271271983246831677e-11
5.349177012257158599e-11
5.428467566097972564e-11
5.509172473838628338e-11
5.591321252032786060e-11
5.674944123214270547e-11
5.760072034947405929e-11
5.846736679450128908e-11
5.934970513808921955e-11
6.024806780805233318e-11
6.116279530373808732e-11
6.209423641714010491e-11
6.304274846076143686e-11
6.400869750245528678e-11
6.499245860747732895e-11
6.599441608799600301e-11
6.701496376031268766e-11
6.805450521005579221e-11
6.911345406562040399e-11
7.019223428013703407e-11
7.129128042226277390e-11
7.241103797609934327e-11
7.355196365055416743e-11
7.471452569847286127e-11
7.589920424588203195e-11
7.710649163169860461e-11
7.833689275826979857e-11
7.959092545312734635e-11
8.086912084234902113e-11
8.217202373594121813e-11
8.350019302566835546e-11
8.485420209577105413e-11
8.623463924703711998e-11
8.764210813470178347e-11
8.907722822067575449e-11
9.054063524061798976e-11
9.203298168639116324e-11
9.355493730445907831e-11
9.510718961080675417e-11
9.669044442298714469e-11
9.830542640992512432e-11
9.995287966013017188e-11
1.016335682689990386e-10
1.033482769459169713e-10
1.050978116418922206e-10
1.068830001984920144e-10
1.087046930188758850e-10
1.105637637617584180e-10
1.124611100591652691e-10
1.143976542588826291e-10
1.163743441925374494e-10
1.183921539702864127e-10
1.204520848031281093e-10
1.225551658539014240e-10
1.247024551180714198e-10
1.268950403354557066e-10
1.291340399340903039e-10
1.314206040074833317e-10
1.337559153265638871e-10
1.361411903876812871e-10
1.385776804980759294e-10
1.410666729002977196e-10
1.436094919371162303e-10
1.462075002585302174e-10
1.488621000725577638e-10
1.515747344415594596e-10
1.543468886259211869e-10
1.571800914770116409e-10
1.600759168814035417e-10
1.630359852584452822e-10
1.660619651133560393e-10
1.691555746481159962e-10
1.723185834325303596e-10
1.755528141379401346e-10
1.788601443361816548e-10
1.822425083664970876e-10
1.857018992732360642e-10
1.892403708173058380e-10
1.928600395644738888e-10
1.965630870537598341e-10
2.003517620493114490e-10
2.042283828793079177e-10
2.081953398656103058e-10
2.122550978480407691e-10
2.164101988073594815e-10
2.206632645912044540e-10
2.250169997474506588e-10
2.294741944696654369e-10
2.340377276595555505e-10
2.387105701115356395e-10
2.434957878247970564e-10
2.483965454485095345e-10
2.534161098660674961e-10
2.585578539245760679e-10
2.638252603160750039e-10
2.692219256173160717e-10
2.747515644952487549e-10
2.804180140857154052e-10
2.862252385532383566e-10
2.921773338401647611e-10
2.982785326138530934e-10
3.045332094210256956e-10
3.109458860588564981e-10
3.175212371728735256e-10
3.242640960922353551e-10
3.311794609135128445e-10
3.382725008446532334e-10
3.455485628214210011e-10
3.530131784092355269e-10
3.606720710040045043e-10
3.685311633462565623e-10
3.765965853636267459e-10
3.848746823575491683e-10
3.933720235508261800e-10
4.020954110136654955e-10
4.110518889866757132e-10
4.202487536203262323e-10
4.296935631514249882e-10
4.393941485382609110e-10
4.493586245772601594e-10
4.595954015252245557e-10
4.701131972525598476e-10
4.809210499542867460e-10
4.920283314471175445e-10
5.034447610824424265e-10
5.151804203067478150e-10
5.272457679027459987e-10
5.396516559463672296e-10
5.524093465167707277e-10
5.655305291986207986e-10
5.790273394181449807e-10
5.929123776568275151e-10
6.071987295891872220e-10
6.218999871937123787e-10
6.370302708889236324e-10
6.526042527495710113e-10
6.686371808611925521e-10
6.851449048747110947e-10
7.021439028264052424e-10
7.196513092924896078e-10
7.376849449516971861e-10
7.562633476336542969e-10
7.754058049355919332e-10
7.951323884949157383e-10
8.154639900105499491e-10
8.364223591116476856e-10
8.580301431784037497e-10
8.803109292261362854e-10
9.032892879708339660e-10
9.269908202017084617e-10
9.514422055942583127e-10
9.766712541058082515e-10
1.002706960104510390e-09
1.029579559392540251e-09
1.057320589294482111e-09
1.085962951993078607e-09
1.115540981306296939e-09
1.146090513112434886e-09
1.177648959643553896e-09
1.210255387882131070e-09
1.243950602311468970e-09
1.278777232287142678e-09
1.314779824314801454e-09
1.352004939538886893e-09
1.390501256767659753e-09
1.430319681382083043e-09
1.471513460500152199e-09
1.514138304793917983e-09
1.558252517384123749e-09
1.603917130267188245e-09
1.651196048761217238e-09
1.700156204492325137e-09
1.750867717479578348e-09
1.803404067917045410e-09
1.857842278294481263e-09
1.914263106544799129e-09
1.972751250956741728e-09
2.033395567645274818e-09
2.096289301430994532e-09
2.161530331042874680e-09
2.229221429627356625e-09
2.299470541620517593e-09
2.372391077120305700e-09
2.448102224982367549e-09
2.526729285956867685e-09
2.608404027285445283e-09
2.693265060287647160e-09
2.781458242585743895e-09
2.873137106746714383e-09
2.968463317260886742e-09
3.067607157930017412e-09
3.170748051903704310e-09
3.278075116784151829e-09
3.389787757415934177e-09
3.506096299191915038e-09
3.627222664939607123e-09
3.753401098706921719e-09
3.884878940043431286e-09
4.021917452676010880e-09
4.164792711808176621e-09
4.313796554633336674e-09
4.469237599046694844e-09
4.631442335972134961e-09
4.800756301192427520e-09
4.977545333088481602e-09
5.162196923259620750e-09
5.355121667618429770e-09
5.556754826235033340e-09
5.767558000954223632e-09
5.988020940630659681e-09
6.218663484731405174e-09
6.460037657049059506e-09
6.712729922363370707e-09
6.977363620094990921e-09
7.254601590324160503e-09
7.545149009013762565e-09
7.849756450895158416e-09
8.169223200264140513e-09
8.504400831912313666e-09
8.856197086607942562e-09
9.225580067964247306e-09
9.613582790219736008e-09
1.002130810943463494e-08
1.044993407391588817e-08
1.090071973335821991e-08
1.137501145027567328e-08
1.187424976184655352e-08
1.239997684536113830e-08
1.295384464611015571e-08
1.353762373285570262e-08
1.415321295306597005e-08
1.480264996796690093e-08
1.548812275627080134e-08
1.621198218530802904e-08
1.697675575934892877e-08
1.778516266731704913e-08
1.864013026604179435e-08
1.954481215088286260e-08
2.050260798321674936e-08
2.151718526417451109e-08
2.259250326647239582e-08
2.373283936153323939e-08
2.494281800777024877e-08
2.622744269836232569e-08
2.759213120363643021e-08
2.904275448491364198e-08
3.058567970409603182e-08
3.222781780721047446e-08
3.397667622155630008e-08
3.584041727615705253e-08
3.782792303520531468e-08
3.994886732564564464e-08
4.221379584474983034e-08
4.463421535358684324e-08
4.722269310011766993e-08
4.999296777411579418e-08
5.296007347858251487e-08
5.614047841274748727e-08
5.955224020476509299e-08
6.321518011333198106e-08
6.715107864314222571e-08
7.138389549705764967e-08
7.594001722720450384e-08
8.084853645876507065e-08
8.614156715690439206e-08
9.185460110446337513e-08
9.802691157416942573e-08
1.047020111362205867e-07
1.119281716666712900e-07
1.197590159459532222e-07
1.282541917985278797e-07
1.374801415705125229e-07
1.475109819284137424e-07
1.584295115571145826e-07
1.703283674221217242e-07
1.833113539411819062e-07
1.974949738077514938e-07
2.130101944755285998e-07
2.300044906363181790e-07
2.486442106333815458e-07
2.691173239340752646e-07
2.916366178921935608e-07
3.164434255011105446e-07
3.438119822210862362e-07
3.740545299426677932e-07
4.075273105820102941e-07
4.446376217741910676e-07
4.858521440020517468e-07
5.317067939998078344e-07
5.828184156002231583e-07
6.398986891546091504e-07
7.037707278344523357e-07
7.753889381315126870e-07
8.558628586539956010e-07
9.464858635638508030e-07
1.048769834712558917e-06
1.164487182753794011e-06
1.295721949327730428e-06
1.444932172298251682e-06
1.615026273668257654e-06
1.809456974581223195e-06
2.032337206209212984e-06
2.288583739543881106e-06
2.584095895528050924e-06
2.925978847020995458e-06
3.322823858603762667e-06
3.785061564633349718e-06
4.325409382382822112e-06
4.959440838227649866e-06
5.706313561486137052e-06
6.589704818864039774e-06
7.639019898876447029e-06
8.890961050683319304e-06
1.039157532899085325e-05
1.219894180734604338e-05
1.438671669389570360e-05
1.704883520599085814e-05
2.030578039179479829e-05
2.431298352840967209e-05
2.927213475862147797e-05
3.544647816642947872e-05
4.318157046564221187e-05
5.293352973946989683e-05
6.530752240205572629e-05
8.111014783665365939e-05
1.014204379240545782e-04
1.276851963154003455e-04
1.618447969376448812e-04
2.064939501718521177e-04
2.650751118028738494e-04
3.420830038084297247e-04
4.432116084177289538e-04
5.752667473703333223e-04
7.454272827801210460e-04
9.589147386964956294e-04
1.212988490193845498e-03
1.482600856958903295e-03
1.686719923144039011e-03
1.607767995400737710e-03
7.098235509988062028e-04
-1.902698049821809631e-03
-4.401910763121756956e-03
-1.902698049821809631e-03
7.098235509988062028e-04
1.607767995400737710e-03
1.686719923144039011e-03
1.482600856958903295e-03
1.212988490193845498e-03
9.589147386964956294e-04
7.454272827801210460e-04
5.752667473703333223e-04
4.432116084177289538e-04
3.420830038084297247e-04
2.650751118028738494e-04
2.064939501718521177e-04
1.618447969376448812e-04
1.276851963154003455e-04
1.014204379240545782e-04
8.111014783665365939e-05
6.530752240205572629e-05
5.293352973946989683e-05
4.318157046564221187e-05
3.544647816642947872e-05
2.927213475862147797e-05
2.431298352840967209e-05
2.030578039179479829e-05
1.704883520599085814e-05
1.438671669389570360e-05
1.219894180734604338e-05
1.039157532899085325e-05
8.890961050683319304e-06
7.639019898876447029e-06
6.589704818864039774e-06
5.706313561486137052e-06
4.959440838227649866e-06
4.325409382382822112e-06
3.785061564633349718e-06
3.322823858603762667e-06
2.925978847020995458e-06
2.584095895528050924e-06
2.288583739543881106e-06
2.032337206209212984e-06
1.809456974581223195e-06
1.615026273668257654e-06
1.444932172298251682e-06
1.295721949327730428e-06
1.164487182753794011e-06
1.048769834712558917e-06
9.464858635638508030e-07
8.558628586539956010e-07
7.753889381315126870e-07
7.037707278344523357e-07
6.398986891546091504e-07
5.828184156002231583e-07
5.317067939998078344e-07
4.858521440020517468e-07
4.446376217741910676e-07
4.075273105820102941e-07
3.740545299426677932e-07
3.438119822210862362e-07
3.164434255011105446e-07
2.916366178921935608e-07
2.691173239340752646e-07
2.486442106333815458e-07
2.300044906363181790e-07
2.130101944755285998e-07
1.974949738077514938e-07
1.833113539411819062e-07
1.703283674221217242e-07
1.584295115571145826e-07
1.475109819284137424e-07
1.374801415705125229e-07
1.282541917985278797e-07
1.197590159459532222e-07
1.119281716666712900e-07
1.047020111362205867e-07
9.802691157416942573e-08
9.185460110446337513e-08
8.614156715690439206e-08
8.084853645876507065e-08
7.594001722720450384e-08
7.138389549705764967e-08
6.715107864314222571e-08
6.321518011333198106e-08
5.955224020476509299e-08
5.614047841274748727e-08
5.296007347858251487e-08
4.999296777411579418e-08
4.722269310011766993e-08
4.463421535358684324e-08
4.221379584474983034e-08
3.994886732564564464e-08
3.782792303520531468e-08
3.584041727615705253e-08
3.397667622155630008e-08
3.222781780721047446e-08
3.058567970409603182e-08
2.904275448491364198e-08
2.759213120363643021e-08
2.622744269836232569e-08
2.494281800777024877e-08
2.373283936153323939e-08
2.259250326647239582e-08
2.151718526417451109e-08
2.050260798321674936e-08
1.954481215088286260e-08
1.864013026604179435e-08
1.778516266731704913e-08
1.697675575934892877e-08
1.621198218530802904e-08
1.548812275627080134e-08
1.480264996796690093e-08
1.415321295306597005e-08
1.353762373285570262e-08
1.295384464611015571e-08
1.239997684536113830e-08
1.187424976184655352e-08
1.137501145027567328e-08
1.090071973335821991e-08
1.044993407391588817e-08
1.002130810943463494e-08
9.613582790219736008e-09
9.225580067964247306e-09
8.856197086607942562e-09
8.504400831912313666e-09
8.169223200264140513e-09
7.849756450895158416e-09
7.545149009013762565e-09
7.254601590324160503e-09
6.977363620094990921e-09
6.712729922363370707e-09
6.460037657049059506e-09
6.218663484731405174e-09
5.988020940630659681e-09
5.767558000954223632e-09
5.556754826235033340e-09
5.355121667618429770e-09
5.162196923259620750e-09
4.977545333088481602e-09
4.800756301192427520e-09
4.631442335972134961e-09
4.469237599046694844e-09
4.313796554633336674e-09
4.164792711808176621e-09
4.021917452676010880e-09
3.884878940043431286e-09
3.753401098706921719e-09
3.627222664939607123e-09
3.506096299191915038e-09
3.389787757415934177e-09
3.278075116784151829e-09
3.170748051903704310e-09
3.067607157930017412e-09
2.968463317260886742e-09
2.873137106746714383e-09
2.781458242585743895e-09
2.693265060287647160e-09
2.608404027285445283e-09
2.526729285956867685e-09
2.448102224982367549e-09
2.372391077120305700e-09
2.299470541620517593e-09
2.229221429627356625e-09
2.161530331042874680e-09
2.096289301430994532e-09
2.033395567645274818e-09
1.972751250956741728e-09
1.914263106544799129e-09
1.857842278294481263e-09
1.803404067917045410e-09
1.750867717479578348e-09
1.700156204492325137e-09
1.651196048761217238e-09
1.603917130267188245e-09
1.558252517384123749e-09
1.514138304793917983e-09
1.471513460500152199e-09
1.430319681382083043e-09
1.390501256767659753e-09
1.352004939538886893e-09
1.314779824314801454e-09
1.278777232287142678e-09
1.243950602311468970e-09
1.210255387882131070e-09
1.177648959643553896e-09
1.146090513112434886e-09
1.115540981306296939e-09
1.085962951993078607e-09
1.057320589294482111e-09
1.029579559392540251e-09
1.002706960104510390e-09
9.766712541058082515e-10
9.514422055942583127e-10
9.269908202017084617e-10
9.032892879708339660e-10
8.803109292261362854e-10
8.580301431784037497e-10
8.364223591116476856e-10
8.154639900105499491e-10
7.951323884949157383e-10
7.754058049355919332e-10
7.562633476336542969e-10
7.376849449516971861e-10
7.196513092924896078e-10
7.021439028264052424e-10
6.851449048747110947e-10
6.686371808611925521e-10
6.526042527495710113e-10
6.370302708889236324e-10
6.218999871937123787e-10
6.071987295891872220e-10
5.929123776568275151e-10
5.790273394181449807e-10
5.655305291986207986e-10
5.524093465167707277e-10
5.396516559463672296e-10
5.272457679027459987e-10
5.151804203067478150e-10
5.034447610824424265e-10
4.920283314471175445e-10
4.809210499542867460e-10
4.701131972525598476e-10
4.595954015252245557e-10
4.493586245772601594e-10
4.393941485382609110e-10
4.296935631514249882e-10
4.202487536203262323e-10
4.110518889866757132e-10
4.020954110136654955e-10
3.933720235508261800e-10
3.848746823575491683e-10
3.765965853636267459e-10
3.685311633462565623e-10
3.606720710040045043e-10
3.530131784092355269e-10
3.455485628214210011e-10
3.382725008446532334e-10
3.311794609135128445e-10
3.242640960922353551e-10
3.175212371728735256e-10
3.109458860588564981e-10
3.045332094210256956e-10
2.982785326138530934e-10
2.921773338401647611e-10
2.862252385532383566e-10
2.804180140857154052e-10
2.747515644952487549e-10
2.692219256173160717e-10
2.638252603160750039e-10
2.585578539245760679e-10
2.534161098660674961e-10
2.483965454485095345e-10
2.434957878247970564e-10
2.387105701115356395e-10
2.340377276595555505e-10
2.294741944696654369e-10
2.250169997474506588e-10
2.206632645912044540e-10
2.164101988073594815e-10
2.122550978480407691e-10
2.081953398656103058e-10
2.042283828793079177e-10
2.003517620493114490e-10
1.965630870537598341e-10
1.928600395644738888e-10
1.892403708173058380e-10
1.857018992732360642e-10
1.822425083664970876e-10
1.788601443361816548e-10
1.755528141379401346e-10
1.723185834325303596e-10
1.691555746481159962e-10
1.660619651133560393e-10
1.630359852584452822e-10
1.600759168814035417e-10
1.571800914770116409e-10
1.543468886259211869e-10
1.515747344415594596e-10
1.488621000725577638e-10
1.462075002585302174e-10
1.436094919371162303e-10
1.410666729002977196e-10
1.385776804980759294e-10
1.361411903876812871e-10
1.337559153265638871e-10
1.314206040074833317e-10
1.291340399340903039e-10
1.268950403354557066e-10
1.247024551180714198e-10
1.225551658539014240e-10
1.204520848031281093e-10
1.183921539702864127e-10
1.163743441925374494e-10
1.143976542588826291e-10
1.124611100591652691e-10
1.105637637617584180e-10
1.087046930188758850e-10
1.068830001984920144e-10
1.050978116418922206e-10
1.033482769459169713e-10
1.016335682689990386e-10
9.995287966013017188e-11
9.830542640992512432e-11
9.669044442298714469e-11
9.510718961080675417e-11
9.355493730445907831e-11
9.203298168639116324e-11
9.054063524061798976e-11
8.907722822067575449e-11
8.764210813470178347e-11
8.623463924703711998e-11
8.485420209577105413e-11
8.350019302566835546e-11
8.217202373594121813e-11
8.086912084234902113e-11
7.959092545312734635e-11
7.833689275826979857e-11
7.710649163169860461e-11
7.589920424588203195e-11
7.471452569847286127e-11
7.355196365055416743e-11
7.241103797609934327e-11
7.129128042226277390e-11
7.019223428013703407e-11
6.911345406562040399e-11
6.805450521005579221e-11
6.701496376031268766e-11
6.599441608799600301e-11
6.499245860747732895e-11
6.400869750245528678e-11
6.304274846076143686e-11
6.209423641714010491e-11
6.116279530373808732e-11
6.024806780805233318e-11
5.934970513808921955e-11
5.846736679450128908e-11
5.760072034947405929e-11
5.674944123214270547e-11
5.591321252032786060e-11
5.509172473838628338e-11
5.428467566097972564e-11
5.349177012257158599e-11
5.271271983246831677e-11
5.194724319522812805e-11
5.119506513626766881e-11
5.045591693249911643e-11
4.972953604784082707e-11
4.901566597344710956e-11
4.831405607250801054e-11
4.762446142947638363e-11
4.694664270358342469e-11
4.628036598650952951e-11
4.562540266407985051e-11
4.498152928186141236e-11
4.434852741453962219e-11
4.372618353895890568e-11
4.311428891071320812e-11
4.251263944417896905e-11
4.192103559588484668e-11
4.133928225111531130e-11
4.076718861365157970e-11
4.020456809855310391e-11
3.965123822788887010e-11
3.910702052932813794e-11
3.857174043750627417e-11
3.804522719808091335e-11
3.752731377439859095e-11
3.701783675669422271e-11
3.651663627374719423e-11
3.602355590692254176e-11
3.553844260652437422e-11
3.506114661039613110e-11
3.459152136469882620e-11
3.412942344680539390e-11
3.367471249024753556e-11
3.322725111165649756e-11
3.278690483963867662e-11
3.235354204553023693e-11
3.192703387597647473e-11
3.150725418728262907e-11
3.109407948148591957e-11
3.068738884409811430e-11
3.028706388347215045e-11
2.989298867174499934e-11
2.950504968731307737e-11
2.912313575879515398e-11
2.874713801044203067e-11
2.837694980895112826e-11
2.801246671164610304e-11
2.765358641598417830e-11
2.730020871035252696e-11
2.695223542611872791e-11
2.660957039089923925e-11
2.627211938301295653e-11
2.593979008708603501e-11
2.561249205077646897e-11
2.529013664258735382e-11
2.497263701073889087e-11
2.465990804306978608e-11
2.435186632793977972e-11
2.404843011610620052e-11
2.374951928354753187e-11
2.345505529520844093e-11
2.316496116964094495e-11
2.287916144451783631e-11
2.259758214299433916e-11
2.232015074089528600e-11
2.204679613470557701e-11
2.177744861034237679e-11
2.151203981268813308e-11
2.125050271586376704e-11
2.099277159422283220e-11
2.073878199404700626e-11
2.048847070592454325e-11
2.024177573779344613e-11
1.999863628863210206e-11
1.975899272277986093e-11
1.952278654487145626e-11
1.928996037536887019e-11
1.906045792667512330e-11
1.883422397981492542e-11
1.861120436166703336e-11
1.839134592273458298e-11
1.817459651543887147e-11
1.796090497292346483e-11
1.775022108835516631e-11
1.754249559470948640e-11
1.733768014502749278e-11
1.713572729313281177e-11
1.693659047479629597e-11
1.674022398933729154e-11
1.654658298165055440e-11
1.635562342464741597e-11
1.616730210210158239e-11
1.598157659188844871e-11
1.579840524960866119e-11
1.561774719258598519e-11
1.543956228423018271e-11
1.526381111875561962e-11
1.509045500624687833e-11
1.491945595806275522e-11
1.475077667256997356e-11
1.458438052119878924e-11
1.442023153481219486e-11
1.425829439038125984e-11
1.409853439795879837e-11
1.394091748794431322e-11
1.378541019863273188e-11
1.363197966404045026e-11
1.348059360200132964e-11
1.333122030252662236e-11
1.318382861642212331e-11
1.303838794415622037e-11
1.289486822497311193e-11
1.275323992624485012e-11
1.261347403305695108e-11
1.247554203802130063e-11
1.233941593131164900e-11
1.220506819091571226e-11
1.207247177309920314e-11
1.194160010307630165e-11
1.181242706588206274e-11
1.168492699744174631e-11
1.155907467583230668e-11
1.143484531273182021e-11
1.131221454505210095e-11
1.119115842675042529e-11
1.107165342081594834e-11
1.095367639142695733e-11
1.083720459627473247e-11
1.072221567905032527e-11
1.060868766209028465e-11
1.049659893917781401e-11
1.038592826849566737e-11
1.027665476572711890e-11
1.016875789730200420e-11
1.006221747378397025e-11
9.957013643396186097e-12
9.853126885681856471e-12
9.750538005296914695e-12
9.649228125931515028e-12
9.549178684357595741e-12
9.450371424599493389e-12
9.352788392225052410e-12
9.256411928754200848e-12
9.161224666182481546e-12
9.067209521617068607e-12
8.974349692022470902e-12
8.882628649073720601e-12
8.792030134114345439e-12
8.702538153217152119e-12
8.614136972345169638e-12
8.526811112610686228e-12
8.440545345630257015e-12
8.355324688973381806e-12
8.271134401702935299e-12
8.187959980005204218e-12
8.105787152907652447e-12
8.024601878082414063e-12
7.944390337733627260e-12
7.865138934566822334e-12
7.786834287838554263e-12
7.709463229484428417e-12
7.633012800324005603e-12
7.557470246340712358e-12
7.482823015035247528e-12
7.409058751850850166e-12
7.336165296668882628e-12
7.264130680373237681e-12
7.192943121481991193e-12
7.122591022845024900e-12
7.053062968405957626e-12
6.984347720027334803e-12
6.916434214377320986e-12
1.697468028123143521e-10
1.710785247101988625e-10
1.724233301942665533e-10
1.737813737948989368e-10
1.751528121757254531e-10
1.765378041673434111e-10
1.779365108016339890e-10
1.793490953466945630e-10
1.807757233423933858e-10
1.822165626365628742e-10
1.836717834218415614e-10
1.851415582731798622e-10
1.866260621860215146e-10
1.881254726151748654e-10
1.896399695143880077e-10
1.911697353766407230e-10
1.927149552751701321e-10
1.942758169052421011e-10
1.958525106266853856e-10
1.974452295072036862e-10
1.990541693664811002e-10
2.006795288210965805e-10
2.023215093302658095e-10
2.039803152424251669e-10
2.056561538426772593e-10
2.073492354011133896e-10
2.090597732220331557e-10
2.107879836940791179e-10
2.125340863413033626e-10
2.142983038751895633e-10
2.160808622476458669e-10
2.178819907049926201e-10
2.197019218429616858e-10
2.215408916627330182e-10
2.233991396280274186e-10
2.252769087232765123e-10
2.271744455128964952e-10
2.290920002016852175e-10
2.310298266963693324e-10
2.329881826683215958e-10
2.349673296174796968e-10
2.369675329374847923e-10
2.389890619820722640e-10
2.410321901327351698e-10
2.430971948676945634e-10
2.451843578321990929e-10
2.472939649101833989e-10
2.494263062973183470e-10
2.515816765754778079e-10
2.537603747886572416e-10
2.559627045203713336e-10
2.581889739725674901e-10
2.604394960460831633e-10
2.627145884226857279e-10
2.650145736487237571e-10
2.673397792204321944e-10
2.696905376709210455e-10
2.720671866588868796e-10
2.744700690590888629e-10
2.768995330546215309e-10
2.793559322310305720e-10
2.818396256723061028e-10
2.843509780588040514e-10
2.868903597671273368e-10
2.894581469720222164e-10
2.920547217503241797e-10
2.946804721870093272e-10
2.973357924833916110e-10
3.000210830675151536e-10
3.027367507067969637e-10
3.054832086229622871e-10
3.082608766093321474e-10
3.110701811505121939e-10
3.139115555445404460e-10
3.167854400275465652e-10
3.196922819009849513e-10
3.226325356614959461e-10
3.256066631334599244e-10
3.286151336043032072e-10
3.316584239626199050e-10
3.347370188391785020e-10
3.378514107508742881e-10
3.410021002477013112e-10
3.441895960628100231e-10
3.474144152657301318e-10
3.506770834188209059e-10
3.539781347370382150e-10
3.573181122510857207e-10
3.606975679740360905e-10
3.641170630715044353e-10
3.675771680354509503e-10
3.710784628617130028e-10
3.746215372313389944e-10
3.782069906958289965e-10
3.818354328663665843e-10
3.855074836071430438e-10
3.892237732328676806e-10
3.929849427105717137e-10
3.967916438658022754e-10
4.006445395933184444e-10
4.045443040723968468e-10
4.084916229868572014e-10
4.124871937499280603e-10
4.165317257340645185e-10
4.206259405058461555e-10
4.247705720660744291e-10
4.289663670952034699e-10
4.332140852042285105e-10
4.375144991911769128e-10
4.418683953033324871e-10
4.462765735053394107e-10
4.507398477533330371e-10
4.552590462752483993e-10
4.598350118574607812e-10
4.644686021379145381e-10
4.691606899059120660e-10
4.739121634087218408e-10
4.787239266651867314e-10
4.835968997865005575e-10
4.885320193043485186e-10
4.935302385065882540e-10
4.985925277806685558e-10
5.037198749649870527e-10
5.089132857083862126e-10
5.141737838380050071e-10
5.195024117356896209e-10
5.249002307232020531e-10
5.303683214564401294e-10
5.359077843289160415e-10
5.415197398847214084e-10
5.472053292412463482e-10
5.529657145218916151e-10
5.588020792990421186e-10
5.647156290475833770e-10
5.707075916092216730e-10
5.767792176679116946e-10
5.829317812366734186e-10
5.891665801561186659e-10
5.954849366049808759e-10
6.018881976229889990e-10
6.083777356464029407e-10
6.149549490565637611e-10
6.216212627418039794e-10
6.283781286730789430e-10
6.352270264937024535e-10
6.421694641235569163e-10
6.492069783781911896e-10
6.563411356031905664e-10
6.635735323242727000e-10
6.709057959135061076e-10
6.783395852721255352e-10
6.858765915303878638e-10
6.935185387649523539e-10
7.012671847342703697e-10
7.091243216324792369e-10
7.170917768623406934e-10
7.251714138277347168e-10
7.333651327462797936e-10
7.416748714826318767e-10
7.501026064030699051e-10
7.586503532519485668e-10
7.673201680506575097e-10
7.761141480197340601e-10
7.850344325247757899e-10
7.940832040468577921e-10
8.032626891781424649e-10
8.125751596434333001e-10
8.220229333483987307e-10
8.316083754552659244e-10
8.413338994867697211e-10
8.512019684591972360e-10
8.612150960453656473e-10
8.713758477684268333e-10
8.816868422274181687e-10
8.921507523554647230e-10
9.027703067116458503e-10
9.135482908074958303e-10
9.244875484691938373e-10
9.355909832364991339e-10
9.468615597995452862e-10
9.583023054746285015e-10
9.699163117201789515e-10
9.817067356941157357e-10
9.936768018538608921e-10
1.005829803600315991e-09
1.018169104967125624e-09
1.030698142356643515e-09
1.043420426324019650e-09
1.056339543410913080e-09
1.069459158030348676e-09
1.082783014404322371e-09
1.096314938555792276e-09
1.110058840356758235e-09
1.124018715634190459e-09
1.138198648335630761e-09
1.152602812756334584e-09
1.167235475829927264e-09
1.182100999484572997e-09
1.197203843066755893e-09
1.212548565834819039e-09
1.228139829524523068e-09
1.243982400988925875e-09
1.260081154914973827e-09
1.276441076619312053e-09
1.293067264925871257e-09
1.309964935127902652e-09
1.327139422037214462e-09
1.344596183123482829e-09
1.362340801746594881e-09
1.380378990485096961e-09
1.398716594563927478e-09
1.417359595384750354e-09
1.436314114162292278e-09
1.455586415670236110e-09
1.475182912100363161e-09
1.495110167038734717e-09
1.515374899562897106e-09
1.535983988464181712e-09
1.556944476599390298e-09
1.578263575376260461e-09
1.599948669377305788e-09
1.622007321126779143e-09
1.644447276005712661e-09
1.667276467320135869e-09
1.690503021527819254e-09
1.714135263629043196e-09
1.738181722727153784e-09
1.762651137764849645e-09
1.787552463442386042e-09
1.812894876324146832e-09
1.838687781140236444e-09
1.864940817290066054e-09
1.891663865555127332e-09
1.918867055028454004e-09
1.946560770268581682e-09
1.974755658686100954e-09
2.003462638171240358e-09
2.032692904971224407e-09
2.062457941826567257e-09
2.092769526375729422e-09
2.123639739838063264e-09
2.155080975985277024e-09
2.187105950412107854e-09
2.219727710117369567e-09
2.252959643406875798e-09
2.286815490130391932e-09
2.321309352265077688e-09
2.356455704858576252e-09
2.392269407345306212e-09
2.428765715250201992e-09
2.465960292294640256e-09
2.503869222919999880e-09
2.542509025244875075e-09
2.581896664472728483e-09
2.622049566767410845e-09
2.662985633614732847e-09
2.704723256689120871e-09
2.747281333245107690e-09
2.790679282054344226e-09
2.834937059909676290e-09
2.880075178718783547e-09
2.926114723210867269e-09
2.973077369280879268e-09
3.020985402996904010e-09
3.069861740297422180e-09
3.119729947406351950e-09
3.170614261995052132e-09
3.222539615121755155e-09
3.275531653980247388e-09
3.329616765491132997e-09
3.384822100770421701e-09
3.441175600511830148e-09
3.498706021320898107e-09
3.557442963040601805e-09
3.617416897110241169e-09
3.678659196000996927e-09
3.741202163773898191e-09
3.805079067807804337e-09
3.870324171747419556e-09
3.936972769723636513e-09
4.005061221900974659e-09
4.074626991409558418e-09
4.145708682721691043e-09
4.218346081536140498e-09
4.292580196236065314e-09
4.368453300989945317e-09
4.446008980568050197e-09
4.525292176950601966e-09
4.606349237807575826e-09
4.689227966933854264e-09
4.773977676727805944e-09
4.860649242805523345e-09
4.949295160847718482e-09
5.039969605781024055e-09
5.132728493400671032e-09
5.227629544546784444e-09
5.324732351952409703e-09
5.424098449887299368e-09
5.525791386727817417e-09
5.629876800590183663e-09
5.736422498171204477e-09
5.845498536948305559e-09
5.957177310898372852e-09
6.071533639903624467e-09
6.188644863021237464e-09
6.308590935803062669e-09
6.431454531861617399e-09
6.557321148889003184e-09
6.686279219346526109e-09
6.818420226054582265e-09
6.953838822924762750e-09
7.092632961089485886e-09
7.234904020698181410e-09
7.380756948664209518e-09
7.530300402662108814e-09
7.683646901691706235e-09
7.840912983543045766e-09
8.002219369515229547e-09
8.167691136761689707e-09
8.337457898656128489e-09
8.511653993595421036e-09
8.690418682679803977e-09
8.873896356736222875e-09
9.062236753177260832e-09
9.255595183217399025e-09
9.454132769998184792e-09
9.658016698207051170e-09
9.867420475808518981e-09
1.008252420854383661e-08
1.030351488789400994e-08
1.053058669324305348e-08
1.076394130902299278e-08
1.100378825766938038e-08
1.125034524926713273e-08
1.150383854881997785e-08
1.176450336213530982e-08
1.203258424137694976e-08
1.230833551140487794e-08
1.259202171809091959e-08
1.288391809987441922e-08
1.318431108390279798e-08
1.349349880818710843e-08
1.381179167129546092e-08
1.413951291120484114e-08
1.447699921503807995e-08
1.482460136152491380e-08
1.518268489814760992e-08
1.555163085506134100e-08
1.593183649801815713e-08
1.632371612267380968e-08
1.672770189281545520e-08
1.714424472522207503e-08
1.757381522405278405e-08
1.801690466785824578e-08
1.847402605252323146e-08
1.894571519367850535e-08
1.943253189236778718e-08
1.993506116802153748e-08
2.045391456307615461e-08
2.098973152388677591e-08
2.154318086291423355e-08
2.211496230752716430e-08
2.270580814114720457e-08
2.331648494288472145e-08
2.394779543226392972e-08
2.460058042612620349e-08
2.527572091532729893e-08
2.597414026941740385e-08
2.669680657811036113e-08
2.744473513901880616e-08
2.821899110185774003e-08
2.902069228010548086e-08
2.985101214196415557e-08
3.071118299338794661e-08
3.160249936695155809e-08
3.252632163142443877e-08
3.348407983810162602e-08
3.447727782123394222e-08
3.550749757130322656e-08
3.657640390141883723e-08
3.768574942877564180e-08
3.883737989493089091e-08
4.003323985063695197e-08
4.127537873312842865e-08
4.256595736612336902e-08
4.390725491537634878e-08
4.530167633544290782e-08
4.675176034640036762e-08
4.826018798264896391e-08
4.982979175961922624e-08
5.146356550827018048e-08
5.316467493171544525e-08
5.493646894320392989e-08
5.678249185005025019e-08
5.870649645401748388e-08
6.071245814514894396e-08
6.280459007319969451e-08
6.498735948869931520e-08
6.726550535436792583e-08
6.964405733719750965e-08
7.212835630210277434e-08
7.472407643974973999e-08
7.743724917412200578e-08
8.027428900971637863e-08
8.324202149414420690e-08
8.634771348952632479e-08
8.959910596561458619e-08
9.300444954928729165e-08
9.657254308920255887e-08
1.003127755212576940e-07
1.042351713504156955e-07
1.083504400978163660e-07
1.126700300992997821e-07
1.172061870830390082e-07
1.219720180004450242e-07
1.269815606365097743e-07
1.322498595840043631e-07
1.377930492312661343e-07
1.436284444866250770e-07
1.497746400448988017e-07
1.562516190940484598e-07
1.630808724644278624e-07
1.702855293406718660e-07
1.778905007890045206e-07
1.859226375026990161e-07
1.944109033380318953e-07
2.033865664051341189e-07
2.128834096958770483e-07
2.229379634780872121e-07
2.335897619662468747e-07
2.448816270984308721e-07
2.568599826133161483e-07
2.695752020364411789e-07
2.830819946592558524e-07
2.974398341370511769e-07
3.127134349531536968e-07
3.289732827092338233e-07
3.462962250196785755e-07
3.647661307286879329e-07
3.844746262519212569e-07
4.055219190935041992e-07
4.280177200314243714e-07
4.520822771320495349e-07
4.778475366857917185e-07
5.054584483956595810e-07
5.350744347516989425e-07
5.668710475498413058e-07
6.010418380379028030e-07
6.378004712825162672e-07
6.773831201534539250e-07
7.200511799404535156e-07
7.660943512004643299e-07
8.158341461563174672e-07
8.696278830411729307e-07
9.278732434568897516e-07
9.910134803867801275e-07
1.059543379329422864e-06
1.134016092523464242e-06
1.215050986917079284e-06
1.303342670998349527e-06
1.399671394553006543e-06
1.504915049691320808e-06
1.620063042071063880e-06
1.746232349288470449e-06
1.884686140245906632e-06
2.036855396456299525e-06
2.204364055421001387e-06
2.389058289291746437e-06
2.593040640965290211e-06
2.818709866487878917e-06
3.068807478809716036e-06
3.346472154465707668e-06
3.655303351199263602e-06
3.999435687861557606e-06
4.383625850658261715e-06
4.813353997125884593e-06
5.294941804096479949e-06
5.835689401662323725e-06
6.444033373459732518e-06
7.129727655561939182e-06
7.904048322395275337e-06
8.780021570452825407e-06
9.772671156653996280e-06
1.089927624895164513e-05
1.217962171088447986e-05
1.363620803982123151e-05
1.529436393171781656e-05
1.718216499253402512e-05
1.932999815490863202e-05
2.176950780929829489e-05
2.453149198576632143e-05
2.764204504773725264e-05
3.111580158010664198e-05
3.494441643946298776e-05
3.907724030794673784e-05
4.338922528420805777e-05
4.762793899205280333e-05
5.132639130388328753e-05
5.365991737542564018e-05
5.321162418867470136e-05
4.758891876011944229e-05
3.279936529704883098e-05
2.243362974083962704e-06
-5.488641464192917254e-05
-1.560760557302452354e-04
-3.291006343079870794e-04
-6.167059853626232543e-04
-1.080833489315552280e-03
-1.799550999562142930e-03
-2.829189074940775123e-03
-4.008166798380678915e-03
-4.085036234135987730e-03
-0.000000000000000000e+00
4.085036234135987730e-03
4.008166798380678915e-03
2.829189074940775123e-03
1.799550999562142930e-03
1.080833489315552280e-03
6.167059853626232543e-04
3.291006343079870794e-04
1.560760557302452354e-04
5.488641464192917254e-05
-2.243362974083962704e-06
-3.279936529704883098e-05
-4.758891876011944229e-05
-5.321162418867470136e-05
-5.365991737542564018e-05
-5.132639130388328753e-05
-4.762793899205280333e-05
-4.338922528420805777e-05
-3.907724030794673784e-05
-3.494441643946298776e-05
-3.111580158010664198e-05
-2.764204504773725264e-05
-2.453149198576632143e-05
-2.176950780929829489e-05
-1.932999815490863202e-05
-1.718216499253402512e-05
-1.529436393171781656e-05
-1.363620803982123151e-05
-1.217962171088447986e-05
-1.089927624895164513e-05
-9.772671156653996280e-06
-8.780021570452825407e-06
-7.904048322395275337e-06
-7.129727655561939182e-06
-6.444033373459732518e-06
-5.835689401662323725e-06
-5.294941804096479949e-06
-4.813353997125884593e-06
-4.383625850658261715e-06
-3.999435687861557606e-06
-3.655303351199263602e-06
-3.346472154465707668e-06
-3.068807478809716036e-06
-2.818709866487878917e-06
-2.593040640965290211e-06
-2.389058289291746437e-06
-2.204364055421001387e-06
-2.036855396456299525e-06
-1.884686140245906632e-06
-1.746232349288470449e-06
-1.620063042071063880e-06
-1.504915049691320808e-06
-1.399671394553006543e-06
-1.303342670998349527e-06
-1.215050986917079284e-06
-1.134016092523464242e-06
-1.059543379329422864e-06
-9.910134803867801275e-07
-9.278732434568897516e-07
-8.696278830411729307e-07
-8.158341461563174672e-07
-7.660943512004643299e-07
-7.200511799404535156e-07
-6.773831201534539250e-07
-6.378004712825162672e-07
-6.010418380379028030e-07
-5.668710475498413058e-07
-5.350744347516989425e-07
-5.054584483956595810e-07
-4.778475366857917185e-07
-4.520822771320495349e-07
-4.280177200314243714e-07
-4.055219190935041992e-07
-3.844746262519212569e-07
-3.647661307286879329e-07
-3.462962250196785755e-07
-3.289732827092338233e-07
-3.127134349531536968e-07
-2.974398341370511769e-07
-2.830819946592558524e-07
-2.695752020364411789e-07
-2.568599826133161483e-07
-2.448816270984308721e-07
-2.335897619662468747e-07
-2.229379634780872121e-07
-2.128834096958770483e-07
-2.033865664051341189e-07
-1.944109033380318953e-07
-1.859226375026990161e-07
-1.778905007890045206e-07
-1.702855293406718660e-07
-1.630808724644278624e-07
-1.562516190940484598e-07
-1.497746400448988017e-07
-1.436284444866250770e-07
-1.377930492312661343e-07
-1.322498595840043631e-07
-1.269815606365097743e-07
-1.219720180004450242e-07
-1.172061870830390082e-07
-1.126700300992997821e-07
-1.083504400978163660e-07
-1.042351713504156955e-07
-1.003127755212576940e-07
-9.657254308920255887e-08
-9.300444954928729165e-08
-8.959910596561458619e-08
-8.634771348952632479e-08
-8.324202149414420690e-08
-8.027428900971637863e-08
-7.743724917412200578e-08
-7.472407643974973999e-08
-7.212835630210277434e-08
-6.964405733719750965e-08
-6.726550535436792583e-08
-6.498735948869931520e-08
-6.280459007319969451e-08
-6.071245814514894396e-08
-5.870649645401748388e-08
-5.678249185005025019e-08
-5.493646894320392989e-08
-5.316467493171544525e-08
-5.146356550827018048e-08
-4.982979175961922624e-08
-4.826018798264896391e-08
-4.675176034640036762e-08
-4.530167633544290782e-08
-4.390725491537634878e-08
-4.256595736612336902e-08
-4.127537873312842865e-08
-4.003323985063695197e-08
-3.883737989493089091e-08
-3.768574942877564180e-08
-3.657640390141883723e-08
-3.550749757130322656e-08
-3.447727782123394222e-08
-3.348407983810162602e-08
-3.252632163142443877e-08
-3.160249936695155809e-08
-3.071118299338794661e-08
-2.985101214196415557e-08
-2.902069228010548086e-08
-2.821899110185774003e-08
-2.744473513901880616e-08
-2.669680657811036113e-08
-2.597414026941740385e-08
-2.527572091532729893e-08
-2.460058042612620349e-08
-2.394779543226392972e-08
-2.331648494288472145e-08
-2.270580814114720457e-08
-2.211496230752716430e-08
-2.154318086291423355e-08
-2.098973152388677591e-08
-2.045391456307615461e-08
-1.993506116802153748e-08
-1.943253189236778718e-08
-1.894571519367850535e-08
-1.847402605252323146e-08
-1.801690466785824578e-08
-1.757381522405278405e-08
-1.714424472522207503e-08
-1.672770189281545520e-08
-1.632371612267380968e-08
-1.593183649801815713e-08
-1.555163085506134100e-08
-1.518268489814760992e-08
-1.482460136152491380e-08
-1.447699921503807995e-08
-1.413951291120484114e-08
-1.381179167129546092e-08
-1.349349880818710843e-08
-1.318431108390279798e-08
-1.288391809987441922e-08
-1.259202171809091959e-08
-1.230833551140487794e-08
-1.203258424137694976e-08
-1.176450336213530982e-08
-1.150383854881997785e-08
-1.125034524926713273e-08
-1.100378825766938038e-08
-1.076394130902299278e-08
-1.053058669324305348e-08
-1.030351488789400994e-08
-1.008252420854383661e-08
-9.867420475808518981e-09
-9.658016698207051170e-09
-9.454132769998184792e-09
-9.255595183217399025e-09
-9.062236753177260832e-09
-8.873896356736222875e-09
-8.690418682679803977e-09
-8.511653993595421036e-09
-8.337457898656128489e-09
-8.167691136761689707e-09
-8.002219369515229547e-09
-7.840912983543045766e-09
-7.683646901691706235e-09
-7.530300402662108814e-09
-7.380756948664209518e-09
-7.234904020698181410e-09
-7.092632961089485886e-09
-6.953838822924762750e-09
-6.818420226054582265e-09
-6.686279219346526109e-09
-6.557321148889003184e-09
-6.431454531861617399e-09
-6.308590935803062669e-09
-6.188644863021237464e-09
-6.071533639903624467e-09
-5.957177310898372852e-09
-5.845498536948305559e-09
-5.736422498171204477e-09
-5.629876800590183663e-09
-5.525791386727817417e-09
-5.424098449887299368e-09
-5.324732351952409703e-09
-5.227629544546784444e-09
-5.132728493400671032e-09
-5.039969605781024055e-09
-4.949295160847718482e-09
-4.860649242805523345e-09
-4.773977676727805944e-09
-4.689227966933854264e-09
-4.606349237807575826e-09
-4.525292176950601966e-09
-4.446008980568050197e-09
-4.368453300989945317e-09
-4.292580196236065314e-09
-4.218346081536140498e-09
-4.145708682721691043e-09
-4.074626991409558418e-09
-4.005061221900974659e-09
-3.936972769723636513e-09
-3.870324171747419556e-09
-3.805079067807804337e-09
-3.741202163773898191e-09
-3.678659196000996927e-09
-3.617416897110241169e-09
-3.557442963040601805e-09
-3.498706021320898107e-09
-3.441175600511830148e-09
-3.384822100770421701e-09
-3.329616765491132997e-09
-3.275531653980247388e-09
-3.222539615121755155e-09
-3.170614261995052132e-09
-3.119729947406351950e-09
-3.069861740297422180e-09
-3.020985402996904010e-09
-2.973077369280879268e-09
-2.926114723210867269e-09
-2.880075178718783547e-09
-2.834937059909676290e-09
-2.790679282054344226e-09
-2.747281333245107690e-09
-2.704723256689120871e-09
-2.662985633614732847e-09
-2.622049566767410845e-09
-2.581896664472728483e-09
-2.542509025244875075e-09
-2.503869222919999880e-09
-2.465960292294640256e-09
-2.428765715250201992e-09
-2.392269407345306212e-09
-2.356455704858576252e-09
-2.321309352265077688e-09
-2.286815490130391932e-09
-2.252959643406875798e-09
-2.219727710117369567e-09
-2.187105950412107854e-09
-2.155080975985277024e-09
-2.123639739838063264e-09
-2.092769526375729422e-09
-2.062457941826567257e-09
-2.032692904971224407e-09
-2.003462638171240358e-09
-1.974755658686100954e-09
-1.946560770268581682e-09
-1.918867055028454004e-09
-1.891663865555127332e-09
-1.864940817290066054e-09
-1.838687781140236444e-09
-1.812894876324146832e-09
-1.787552463442386042e-09
-1.762651137764849645e-09
-1.738181722727153784e-09
-1.714135263629043196e-09
-1.690503021527819254e-09
-1.667276467320135869e-09
-1.644447276005712661e-09
-1.622007321126779143e-09
-1.599948669377305788e-09
-1.578263575376260461e-09
-1.556944476599390298e-09
-1.535983988464181712e-09
-1.515374899562897106e-09
-1.495110167038734717e-09
-1.475182912100363161e-09
-1.455586415670236110e-09
-1.436314114162292278e-09
-1.417359595384750354e-09
-1.398716594563927478e-09
-1.380378990485096961e-09
-1.362340801746594881e-09
-1.344596183123482829e-09
-1.327139422037214462e-09
-1.309964935127902652e-09
-1.293067264925871257e-09
-1.276441076619312053e-09
-1.260081154914973827e-09
-1.243982400988925875e-09
-1.228139829524523068e-09
-1.212548565834819039e-09
-1.197203843066755893e-09
-1.182100999484572997e-09
-1.167235475829927264e-09
-1.152602812756334584e-09
-1.138198648335630761e-09
-1.124018715634190459e-09
-1.110058840356758235e-09
-1.096314938555792276e-09
-1.082783014404322371e-09
-1.069459158030348676e-09
-1.056339543410913080e-09
-1.043420426324019650e-09
-1.030698142356643515e-09
-1.018169104967125624e-09
-1.005829803600315991e-09
-9.936768018538608921e-10
-9.817067356941157357e-10
-9.699163117201789515e-10
-9.583023054746285015e-10
-9.468615597995452862e-10
-9.355909832364991339e-10
-9.244875484691938373e-10
-9.135482908074958303e-10
-9.027703067116458503e-10
-8.921507523554647230e-10
-8.816868422274181687e-10
-8.713758477684268333e-10
-8.612150960453656473e-10
-8.512019684591972360e-10
-8.413338994867697211e-10
-8.316083754552659244e-10
-8.220229333483987307e-10
-8.125751596434333001e-10
-8.032626891781424649e-10
-7.940832040468577921e-10
-7.850344325247757899e-10
-7.761141480197340601e-10
-7.673201680506575097e-10
-7.586503532519485668e-10
-7.501026064030699051e-10
-7.416748714826318767e-10
-7.333651327462797936e-10
-7.251714138277347168e-10
-7.170917768623406934e-10
-7.091243216324792369e-10
-7.012671847342703697e-10
-6.935185387649523539e-10
-6.858765915303878638e-10
-6.783395852721255352e-10
-6.709057959135061076e-10
-6.635735323242727000e-10
-6.563411356031905664e-10
-6.492069783781911896e-10
-6.421694641235569163e-10
-6.352270264937024535e-10
-6.283781286730789430e-10
-6.216212627418039794e-10
-6.149549490565637611e-10
-6.083777356464029407e-10
-6.018881976229889990e-10
-5.954849366049808759e-10
-5.891665801561186659e-10
-5.829317812366734186e-10
-5.767792176679116946e-10
-5.707075916092216730e-10
-5.647156290475833770e-10
-5.588020792990421186e-10
-5.529657145218916151e-10
-5.472053292412463482e-10
-5.415197398847214084e-10
-5.359077843289160415e-10
-5.303683214564401294e-10
-5.249002307232020531e-10
-5.195024117356896209e-10
-5.141737838380050071e-10
-5.089132857083862126e-10
-5.037198749649870527e-10
-4.985925277806685558e-10
-4.935302385065882540e-10
-4.885320193043485186e-10
-4.835968997865005575e-10
-4.787239266651867314e-10
-4.739121634087218408e-10
-4.691606899059120660e-10
-4.644686021379145381e-10
-4.598350118574607812e-10
-4.552590462752483993e-10
-4.507398477533330371e-10
-4.462765735053394107e-10
-4.418683953033324871e-10
-4.375144991911769128e-10
-4.332140852042285105e-10
-4.289663670952034699e-10
-4.247705720660744291e-10
-4.206259405058461555e-10
-4.165317257340645185e-10
-4.124871937499280603e-10
-4.084916229868572014e-10
-4.045443040723968468e-10
-4.006445395933184444e-10
-3.967916438658022754e-10
-3.929849427105717137e-10
-3.892237732328676806e-10
-3.855074836071430438e-10
-3.818354328663665843e-10
-3.782069906958289965e-10
-3.746215372313389944e-10
-3.710784628617130028e-10
-3.675771680354509503e-10
-3.641170630715044353e-10
-3.606975679740360905e-10
-3.573181122510857207e-10
-3.539781347370382150e-10
-3.506770834188209059e-10
-3.474144152657301318e-10
-3.441895960628100231e-10
-3.410021002477013112e-10
-3.378514107508742881e-10
-3.347370188391785020e-10
-3.316584239626199050e-10
-3.286151336043032072e-10
-3.256066631334599244e-10
-3.226325356614959461e-10
-3.196922819009849513e-10
-3.167854400275465652e-10
-3.139115555445404460e-10
-3.110701811505121939e-10
-3.082608766093321474e-10
-3.054832086229622871e-10
-3.027367507067969637e-10
-3.000210830675151536e-10
-2.973357924833916110e-10
-2.946804721870093272e-10
-2.920547217503241797e-10
-2.894581469720222164e-10
-2.868903597671273368e-10
-2.843509780588040514e-10
-2.818396256723061028e-10
-2.793559322310305720e-10
-2.768995330546215309e-10
-2.744700690590888629e-10
-2.720671866588868796e-10
-2.696905376709210455e-10
-2.673397792204321944e-10
-2.650145736487237571e-10
-2.627145884226857279e-10
-2.604394960460831633e-10
-2.581889739725674901e-10
-2.559627045203713336e-10
-2.537603747886572416e-10
-2.515816765754778079e-10
-2.494263062973183470e-10
-2.472939649101833989e-10
-2.451843578321990929e-10
-2.430971948676945634e-10
-2.410321901327351698e-10
-2.389890619820722640e-10
-2.369675329374847923e-10
-2.349673296174796968e-10
-2.329881826683215958e-10
-2.310298266963693324e-10
-2.290920002016852175e-10
-2.271744455128964952e-10
-2.252769087232765123e-10
-2.233991396280274186e-10
-2.215408916627330182e-10
-2.197019218429616858e-10
-2.178819907049926201e-10
-2.160808622476458669e-10
-2.142983038751895633e-10
-2.125340863413033626e-10
-2.107879836940791179e-10
-2.090597732220331557e-10
-2.073492354011133896e-10
-2.056561538426772593e-10
-2.039803152424251669e-10
-2.023215093302658095e-10
-2.006795288210965805e-10
-1.990541693664811002e-10
-1.974452295072036862e-10
-1.958525106266853856e-10
-1.942758169052421011e-10
-1.927149552751701321e-10
-1.911697353766407230e-10
-1.896399695143880077e-10
-1.881254726151748654e-10
-1.866260621860215146e-10
-1.851415582731798622e-10
-1.836717834218415614e-10
-1.822165626365628742e-10
-1.807757233423933858e-10
-1.793490953466945630e-10
-1.779365108016339890e-10
-1.765378041673434111e-10
-1.751528121757254531e-10
-1.737813737948989368e-10
-1.724233301942665533e-10
-1.710785247101988625e-10
-1.697468028123143521e-10
