1.679687669518506126e-08
1.750792544604462140e-08
1.825534329692941186e-08
1.904131551900247401e-08
1.986817848668991480e-08
2.073843151378510095e-08
2.165474972690005146e-08
2.261999807697279501e-08
2.363724660027826458e-08
2.470978705238255812e-08
2.584115105187633573e-08
2.703512988570881075e-08
2.829579614471723196e-08
2.962752737674459850e-08
3.103503196582096649e-08
3.252337746955681434e-08
3.409802167350199763e-08
3.576484665115716734e-08
3.753019615203595756e-08
3.940091667818763915e-08
4.138440265248614626e-08
4.348864613046944390e-08
4.572229156234310988e-08
4.809469617386250279e-08
5.061599660521547665e-08
5.329718252695049496e-08
5.615017804283236539e-08
5.918793179287165041e-08
6.242451678754330481e-08
6.587524113856295669e-08
6.955677100505625254e-08
7.348726724950128770e-08
7.768653749887696920e-08
8.217620553704871664e-08
8.697990021927894627e-08
9.212346640437607684e-08
9.763520075089894092e-08
1.035461156286186460e-07
1.098902348641201050e-07
1.167049255805772314e-07
1.240312710189396941e-07
1.319144899558194264e-07
1.404044091799501040e-07
1.495559964750848235e-07
1.594299627076062023e-07
1.700934429616615737e-07
1.816207682389211154e-07
1.940943410867136583e-07
2.076056306884959288e-07
2.222563055059464342e-07
2.381595245766536019e-07
2.554414121350965701e-07
2.742427444460009108e-07
2.947208827499944751e-07
3.170519921821748930e-07
3.414335936302885100e-07
3.680875039897209452e-07
3.972632304404203551e-07
4.292418965760635536e-07
4.643407929015712301e-07
5.029186619289826631e-07
5.453818495216765951e-07
5.921914801049575791e-07
6.438718449254712951e-07
7.010202310121837790e-07
7.643184655077375896e-07
8.345465076612015950e-07
9.125984915978740613e-07
9.995017102907569556e-07
1.096439139113182226e-06
1.204776231247317903e-06
1.326092883816367192e-06
1.462221681553171949e-06
1.615293785234880568e-06
1.787794159340820166e-06
1.982628245981543631e-06
2.203202714191455526e-06
2.453523576567154909e-06
2.738315810020746450e-06
3.063169697979341438e-06
3.434720498660445506e-06
3.860869831881363296e-06
4.351059489620658785e-06
4.916611378798402298e-06
5.571151219522615400e-06
6.331138744391178637e-06
7.216533871907285797e-06
8.251637194901143043e-06
9.466154855073873476e-06
1.089655344270553893e-05
1.258779128434254365e-05
1.459554014125546861e-05
1.698904833694687473e-05
1.985484588207041241e-05
2.330155855566569455e-05
2.746618676759424665e-05
3.252232362858362608e-05
3.869094403745894063e-05
4.625460338887209846e-05
5.557615181974966118e-05
6.712340623899978355e-05
8.150162626118465255e-05
9.949608418068901468e-05
1.221274165112091537e-04
1.507225813069484302e-04
1.870036442646316461e-04
2.331942686903199565e-04
2.921376234202278607e-04
3.674053003608935023e-04
4.633465320577476372e-04
5.849643755452833393e-04
7.373789245221106826e-04
9.243842993639219893e-04
1.145097232234291561e-03
1.386643209744307112e-03
1.608509738764083916e-03
1.708685628951449884e-03
1.449479232151341382e-03
3.232364830524340105e-04
-2.277779999757413749e-03
-4.401910763121757823e-03
-2.277779999757413749e-03
3.232364830524340105e-04
1.449479232151341382e-03
1.708685628951449884e-03
1.608509738764083916e-03
1.386643209744307112e-03
1.145097232234291561e-03
9.243842993639219893e-04
7.373789245221106826e-04
5.849643755452833393e-04
4.633465320577476372e-04
3.674053003608935023e-04
2.921376234202278607e-04
2.331942686903199565e-04
1.870036442646316461e-04
1.507225813069484302e-04
1.221274165112091537e-04
9.949608418068901468e-05
8.150162626118465255e-05
6.712340623899978355e-05
5.557615181974966118e-05
4.625460338887209846e-05
3.869094403745894063e-05
3.252232362858362608e-05
2.746618676759424665e-05
2.330155855566569455e-05
1.985484588207041241e-05
1.698904833694687473e-05
1.459554014125546861e-05
1.258779128434254365e-05
1.089655344270553893e-05
9.466154855073873476e-06
8.251637194901143043e-06
7.216533871907285797e-06
6.331138744391178637e-06
5.571151219522615400e-06
4.916611378798402298e-06
4.351059489620658785e-06
3.860869831881363296e-06
3.434720498660445506e-06
3.063169697979341438e-06
2.738315810020746450e-06
2.453523576567154909e-06
2.203202714191455526e-06
1.982628245981543631e-06
1.787794159340820166e-06
1.615293785234880568e-06
1.462221681553171949e-06
1.326092883816367192e-06
1.204776231247317903e-06
1.096439139113182226e-06
9.995017102907569556e-07
9.125984915978740613e-07
8.345465076612015950e-07
7.643184655077375896e-07
7.010202310121837790e-07
6.438718449254712951e-07
5.921914801049575791e-07
5.453818495216765951e-07
5.029186619289826631e-07
4.643407929015712301e-07
4.292418965760635536e-07
3.972632304404203551e-07
3.680875039897209452e-07
3.414335936302885100e-07
3.170519921821748930e-07
2.947208827499944751e-07
2.742427444460009108e-07
2.554414121350965701e-07
2.381595245766536019e-07
2.222563055059464342e-07
2.076056306884959288e-07
1.940943410867136583e-07
1.816207682389211154e-07
1.700934429616615737e-07
1.594299627076062023e-07
1.495559964750848235e-07
1.404044091799501040e-07
1.319144899558194264e-07
1.240312710189396941e-07
1.167049255805772314e-07
1.098902348641201050e-07
1.035461156286186460e-07
9.763520075089894092e-08
9.212346640437607684e-08
8.697990021927894627e-08
8.217620553704871664e-08
7.768653749887696920e-08
7.348726724950128770e-08
6.955677100505625254e-08
6.587524113856295669e-08
6.242451678754330481e-08
5.918793179287165041e-08
5.615017804283236539e-08
5.329718252695049496e-08
5.061599660521547665e-08
4.809469617386250279e-08
4.572229156234310988e-08
4.348864613046944390e-08
4.138440265248614626e-08
3.940091667818763915e-08
3.753019615203595756e-08
3.576484665115716734e-08
3.409802167350199763e-08
3.252337746955681434e-08
3.103503196582096649e-08
2.962752737674459850e-08
2.829579614471723196e-08
2.703512988570881075e-08
2.584115105187633573e-08
2.470978705238255812e-08
2.363724660027826458e-08
2.261999807697279501e-08
2.165474972690005146e-08
2.073843151378510095e-08
1.986817848668991480e-08
1.904131551900247401e-08
1.825534329692941186e-08
1.750792544604462140e-08
1.679687669518506126e-08
8.561990300492165903e-08
8.848760246335880260e-08
9.147595851646309087e-08
9.459109268931574929e-08
9.783949056917436111e-08
1.012280266643843740e-07
1.047639911813531204e-07
1.084551188847198174e-07
1.123096202215490666e-07
1.163362149077159616e-07
1.205441681937979070e-07
1.249433300489736072e-07
1.295441775248653872e-07
1.343578605872239734e-07
1.393962517321312044e-07
1.446719997353218314e-07
1.501985879186738205e-07
1.559903973573084543e-07
1.620627754945512683e-07
1.684321106807868604e-07
1.751159132065682210e-07
1.821329034609589026e-07
1.895031079137180684e-07
1.972479636955197884e-07
2.053904326349124651e-07
2.139551257053217569e-07
2.229684389413960332e-07
2.324587020028674529e-07
2.424563406975508755e-07
2.529940549250719252e-07
2.641070136716013244e-07
2.758330688758441518e-07
2.882129902006472869e-07
3.012907229862084992e-07
3.151136719338143277e-07
3.297330133776617092e-07
3.452040393517346478e-07
3.615865370546679648e-07
3.789452077648146017e-07
3.973501297679923715e-07
4.168772704406939921e-07
4.376090532920849304e-07
4.596349865210650510e-07
4.830523605037268530e-07
5.079670226080028556e-07
5.344942388547518374e-07
5.627596532298399583e-07
5.929003569252475358e-07
6.250660814783819173e-07
6.594205317220584556e-07
6.961428766931469550e-07
7.354294192225968424e-07
7.774954678982576236e-07
8.225774385186078550e-07
8.709352161151829804e-07
9.228548132017445843e-07
9.786513652115671450e-07
1.038672510230564614e-06
1.103302207263486908e-06
1.172965055546789423e-06
1.248131187036038193e-06
1.329321815370255426e-06
1.417115537608821326e-06
1.512155500147542807e-06
1.615157557794130549e-06
1.726919575414689227e-06
1.848332045301076632e-06
1.980390220959355251e-06
2.124207999941920365e-06
2.281033825247627160e-06
2.452268917334658076e-06
2.639488197569874189e-06
2.844464319563929435e-06
3.069195287761521302e-06
3.315936213038208233e-06
3.587235832565793552e-06
3.885978504671721366e-06
4.215432476293977161e-06
4.579305306221124635e-06
4.981807403541181376e-06
5.427724694349445706e-06
5.922501439592594705e-06
6.472334159675184137e-06
7.084277425493164434e-06
7.766361871429253586e-06
8.527724051917307674e-06
9.378746513875720411e-06
1.033120440993360022e-05
1.139841170149898286e-05
1.259535484060865354e-05
1.393879377484033792e-05
1.544729766143804583e-05
1.714116346265098475e-05
1.904213602496876979e-05
2.117280277392276591e-05
2.355546620906273270e-05
2.621018966446845834e-05
2.915154563075169689e-05
3.238333907681518060e-05
3.589018031193012446e-05
3.962416428968526869e-05
4.348395296668348080e-05
4.728206306193812346e-05
5.069383751006257351e-05
5.317797339900710526e-05
5.385291747577819694e-05
5.130495243244611816e-05
4.329108646590426352e-05
2.628144885722604021e-05
-5.239170091009154509e-06
-5.982094105336000666e-05
-1.505843074253364019e-04
-2.973586667515157691e-04
-5.293828356174833105e-04
-8.879431954086768487e-04
-1.426494909529091954e-03
-2.199894428366610828e-03
-3.212402508239086286e-03
-4.202372208203310720e-03
-3.892149310504142059e-03
-0.000000000000000000e+00
3.892149310504142059e-03
4.202372208203310720e-03
3.212402508239086286e-03
2.199894428366610828e-03
1.426494909529091954e-03
8.879431954086768487e-04
5.293828356174833105e-04
2.973586667515157691e-04
1.505843074253364019e-04
5.982094105336000666e-05
5.239170091009154509e-06
-2.628144885722604021e-05
-4.329108646590426352e-05
-5.130495243244611816e-05
-5.385291747577819694e-05
-5.317797339900710526e-05
-5.069383751006257351e-05
-4.728206306193812346e-05
-4.348395296668348080e-05
-3.962416428968526869e-05
-3.589018031193012446e-05
-3.238333907681518060e-05
-2.915154563075169689e-05
-2.621018966446845834e-05
-2.355546620906273270e-05
-2.117280277392276591e-05
-1.904213602496876979e-05
-1.714116346265098475e-05
-1.544729766143804583e-05
-1.393879377484033792e-05
-1.259535484060865354e-05
-1.139841170149898286e-05
-1.033120440993360022e-05
-9.378746513875720411e-06
-8.527724051917307674e-06
-7.766361871429253586e-06
-7.084277425493164434e-06
-6.472334159675184137e-06
-5.922501439592594705e-06
-5.427724694349445706e-06
-4.981807403541181376e-06
-4.579305306221124635e-06
-4.215432476293977161e-06
-3.885978504671721366e-06
-3.587235832565793552e-06
-3.315936213038208233e-06
-3.069195287761521302e-06
-2.844464319563929435e-06
-2.639488197569874189e-06
-2.452268917334658076e-06
-2.281033825247627160e-06
-2.124207999941920365e-06
-1.980390220959355251e-06
-1.848332045301076632e-06
-1.726919575414689227e-06
-1.615157557794130549e-06
-1.512155500147542807e-06
-1.417115537608821326e-06
-1.329321815370255426e-06
-1.248131187036038193e-06
-1.172965055546789423e-06
-1.103302207263486908e-06
-1.038672510230564614e-06
-9.786513652115671450e-07
-9.228548132017445843e-07
-8.709352161151829804e-07
-8.225774385186078550e-07
-7.774954678982576236e-07
-7.354294192225968424e-07
-6.961428766931469550e-07
-6.594205317220584556e-07
-6.250660814783819173e-07
-5.929003569252475358e-07
-5.627596532298399583e-07
-5.344942388547518374e-07
-5.079670226080028556e-07
-4.830523605037268530e-07
-4.596349865210650510e-07
-4.376090532920849304e-07
-4.168772704406939921e-07
-3.973501297679923715e-07
-3.789452077648146017e-07
-3.615865370546679648e-07
-3.452040393517346478e-07
-3.297330133776617092e-07
-3.151136719338143277e-07
-3.012907229862084992e-07
-2.882129902006472869e-07
-2.758330688758441518e-07
-2.641070136716013244e-07
-2.529940549250719252e-07
-2.424563406975508755e-07
-2.324587020028674529e-07
-2.229684389413960332e-07
-2.139551257053217569e-07
-2.053904326349124651e-07
-1.972479636955197884e-07
-1.895031079137180684e-07
-1.821329034609589026e-07
-1.751159132065682210e-07
-1.684321106807868604e-07
-1.620627754945512683e-07
-1.559903973573084543e-07
-1.501985879186738205e-07
-1.446719997353218314e-07
-1.393962517321312044e-07
-1.343578605872239734e-07
-1.295441775248653872e-07
-1.249433300489736072e-07
-1.205441681937979070e-07
-1.163362149077159616e-07
-1.123096202215490666e-07
-1.084551188847198174e-07
-1.047639911813531204e-07
-1.012280266643843740e-07
-9.783949056917436111e-08
-9.459109268931574929e-08
-9.147595851646309087e-08
-8.848760246335880260e-08
-8.561990300492165903e-08
