2.217432108454857897e-10
2.261182397116521623e-10
2.305972337680269456e-10
2.351830859736171198e-10
2.398787816283911626e-10
2.446874017014853512e-10
2.496121262931913545e-10
2.546562382366657718e-10
2.598231268455860491e-10
2.651162918142814248e-10
2.705393472771904413e-10
2.760960260348303285e-10
2.817901839538237989e-10
2.876258045488907923e-10
2.936070037551256233e-10
2.997380348992785338e-10
3.060232938792048976e-10
3.124673245611119078e-10
3.190748244047158563e-10
3.258506503269335905e-10
3.327998248152825813e-10
3.399275423027315853e-10
3.472391758163509861e-10
3.547402839127486176e-10
3.624366179139528892e-10
3.703341294581212655e-10
3.784389783801942901e-10
3.867575409384288237e-10
3.952964184035664359e-10
4.040624460283039767e-10
4.130627024156527152e-10
4.223045193057859858e-10
4.317954918020267344e-10
4.415434890577289856e-10
4.515566654470098731e-10
4.618434722435207501e-10
4.724126698327887773e-10
4.832733404850445630e-10
4.944349017169661089e-10
5.059071202723215635e-10
5.177001267531852369e-10
5.298244309351694781e-10
5.422909378019975256e-10
5.551109643367461293e-10
5.682962571091994690e-10
5.818590107010261905e-10
5.958118870128644606e-10
6.101680354999556213e-10
6.249411143856673505e-10
6.401453129051201442e-10
6.557953746341734018e-10
6.719066219623082080e-10
6.884949817713557101e-10
7.055770123857462326e-10
7.231699318638283724e-10
7.412916477040162183e-10
7.599607880439422587e-10
7.791967344355296660e-10
7.990196562839619592e-10
8.194505470438953058e-10
8.405112622719862322e-10
8.622245596409741378e-10
8.846141410270377314e-10
9.077046967891732663e-10
9.315219523667478899e-10
9.560927173293897714e-10
9.814449370218467957e-10
1.007607746955546974e-09
1.034611530108346597e-09
1.062487977304327588e-09
1.091270150856639350e-09
1.120992551668332367e-09
1.151691189998862324e-09
1.183403660117643112e-09
1.216169219080643745e-09
1.250028869881812233e-09
1.285025449247872022e-09
1.321203720363171760e-09
1.358610470830667541e-09
1.397294616195928448e-09
1.437307309383465566e-09
1.478702056418685087e-09
1.521534838834694081e-09
1.565864243190891684e-09
1.611751598160255435e-09
1.659261119674397662e-09
1.708460064650115724e-09
1.759418893858506936e-09
1.812211444537934445e-09
1.866915113395528783e-09
1.923611050688657703e-09
1.982384366128284942e-09
2.043324347400653656e-09
2.106524692162554820e-09
2.172083754429001036e-09
2.240104806340958156e-09
2.310696316374991020e-09
2.383972245137266033e-09
2.460052359971241584e-09
2.539062569702897187e-09
2.621135280949319179e-09
2.706409777527391523e-09
2.795032624619418774e-09
2.887158099482894244e-09
2.982948650633243472e-09
3.082575387582105841e-09
3.186218603380887086e-09
3.294068332401118566e-09
3.406324945980813575e-09
3.523199788781522931e-09
3.644915858935030631e-09
3.771708535314504600e-09
3.903826355543395363e-09
4.041531848659619549e-09
4.185102426684487040e-09
4.334831339708542689e-09
4.491028699502857368e-09
4.654022577097878116e-09
4.824160180246361675e-09
5.001809117206481128e-09
5.187358753850536275e-09
5.381221671728754901e-09
5.583835235402581767e-09
5.795663278113764284e-09
6.017197915681300054e-09
6.248961499426602081e-09
6.491508719925980299e-09
6.745428874489253189e-09
7.011348312474881284e-09
7.289933073887339527e-09
7.581891738176003120e-09
7.887978501781560745e-09
8.208996504773032110e-09
8.545801428906230615e-09
8.899305391632906528e-09
9.270481163025910867e-09
9.660366735284070202e-09
1.007007027747477946e-08
1.050077551149575954e-08
1.095374754892964957e-08
1.143033923257152475e-08
1.193199803097896604e-08
1.246027353948439607e-08
1.301682564678489772e-08
1.360343343255697886e-08
1.422200486861745062e-08
1.487458740405885782e-08
1.556337952363688321e-08
1.629074337859826107e-08
1.705921860025083189e-08
1.787153741904884216e-08
1.873064122597785087e-08
1.963969872878149538e-08
2.060212587331102768e-08
2.162160772027018896e-08
2.270212249018409722e-08
2.384796801489362773e-08
2.506379086268318247e-08
2.635461843675656548e-08
2.772589438373084529e-08
2.918351769075166936e-08
3.073388589747024757e-08
3.238394290330930876e-08
3.414123191215672995e-08
3.601395412699768066e-08
3.801103388735190344e-08
4.014219103425143926e-08
4.241802139268330948e-08
4.485008638201025999e-08
4.745101290333802946e-08
5.023460481198182955e-08
5.321596746647750587e-08
5.641164705695233061e-08
5.983978665977966785e-08
6.352030124782063379e-08
6.747507421270143857e-08
7.172817833522313824e-08
7.630612458129472510e-08
8.123814261460370667e-08
8.655649751656123027e-08
9.229684790432527320e-08
9.849865145742613273e-08
1.052056248248278546e-07
1.124662660137585230e-07
1.203344486913337940e-07
1.288700993984565840e-07
1.381399705293342502e-07
1.482185241256993510e-07
1.591889441410122110e-07
1.711442979300315410e-07
1.841888714149723640e-07
1.984397067955628986e-07
2.140283769593543633e-07
2.311030370983698306e-07
2.498308016800029221e-07
2.704005041400673942e-07
2.930259078186518375e-07
3.179494501857352422e-07
3.454466188530577605e-07
3.758310779288085126e-07
4.094606878046064623e-07
4.467445915551071380e-07
4.881515781493064385e-07
5.342199783546369735e-07
5.855694057658708135e-07
6.429147256238172847e-07
7.070827216046705363e-07
7.790320401852976126e-07
8.598771294872899638e-07
9.509170623934150708e-07
1.053670352245571783e-06
1.169917146659896218e-06
1.301750538073597964e-06
1.451639181114285220e-06
1.622503986533801841e-06
1.817812408773234881e-06
2.041694811844622922e-06
2.299088656538339066e-06
2.595917895626448423e-06
2.939317120488257128e-06
3.337912845680947739e-06
3.802178083393329495e-06
4.344881370291822834e-06
4.981658108559894880e-06
5.731741082906986210e-06
6.618899163562076549e-06
7.672649679873665707e-06
8.929832392687348826e-06
1.043666370189424137e-05
1.225143191189242412e-05
1.444805254124768037e-05
1.712078309257010031e-05
2.039050814847441910e-05
2.441316021543099460e-05
2.939105584892564316e-05
3.558822210898247032e-05
4.335119311696642743e-05
5.313730302443763761e-05
6.555322179819913825e-05
8.140738815290200650e-05
1.017810452297759590e-04
1.281235801723097504e-04
1.623782415337495671e-04
2.071426589946199982e-04
2.658616910966102179e-04
3.430308137432758068e-04
4.443409905778671737e-04
5.765874919965767670e-04
7.469248143927414421e-04
9.605265441422761175e-04
1.214566941320611342e-03
1.483860455776930343e-03
1.687175575911730807e-03
1.606711430538406392e-03
7.066636102908500352e-04
-1.906111324015558137e-03
-4.401910763121756956e-03
-1.906111324015558137e-03
7.066636102908500352e-04
1.606711430538406392e-03
1.687175575911730807e-03
1.483860455776930343e-03
1.214566941320611342e-03
9.605265441422761175e-04
7.469248143927414421e-04
5.765874919965767670e-04
4.443409905778671737e-04
3.430308137432758068e-04
2.658616910966102179e-04
2.071426589946199982e-04
1.623782415337495671e-04
1.281235801723097504e-04
1.017810452297759590e-04
8.140738815290200650e-05
6.555322179819913825e-05
5.313730302443763761e-05
4.335119311696642743e-05
3.558822210898247032e-05
2.939105584892564316e-05
2.441316021543099460e-05
2.039050814847441910e-05
1.712078309257010031e-05
1.444805254124768037e-05
1.225143191189242412e-05
1.043666370189424137e-05
8.929832392687348826e-06
7.672649679873665707e-06
6.618899163562076549e-06
5.731741082906986210e-06
4.981658108559894880e-06
4.344881370291822834e-06
3.802178083393329495e-06
3.337912845680947739e-06
2.939317120488257128e-06
2.595917895626448423e-06
2.299088656538339066e-06
2.041694811844622922e-06
1.817812408773234881e-06
1.622503986533801841e-06
1.451639181114285220e-06
1.301750538073597964e-06
1.169917146659896218e-06
1.053670352245571783e-06
9.509170623934150708e-07
8.598771294872899638e-07
7.790320401852976126e-07
7.070827216046705363e-07
6.429147256238172847e-07
5.855694057658708135e-07
5.342199783546369735e-07
4.881515781493064385e-07
4.467445915551071380e-07
4.094606878046064623e-07
3.758310779288085126e-07
3.454466188530577605e-07
3.179494501857352422e-07
2.930259078186518375e-07
2.704005041400673942e-07
2.498308016800029221e-07
2.311030370983698306e-07
2.140283769593543633e-07
1.984397067955628986e-07
1.841888714149723640e-07
1.711442979300315410e-07
1.591889441410122110e-07
1.482185241256993510e-07
1.381399705293342502e-07
1.288700993984565840e-07
1.203344486913337940e-07
1.124662660137585230e-07
1.052056248248278546e-07
9.849865145742613273e-08
9.229684790432527320e-08
8.655649751656123027e-08
8.123814261460370667e-08
7.630612458129472510e-08
7.172817833522313824e-08
6.747507421270143857e-08
6.352030124782063379e-08
5.983978665977966785e-08
5.641164705695233061e-08
5.321596746647750587e-08
5.023460481198182955e-08
4.745101290333802946e-08
4.485008638201025999e-08
4.241802139268330948e-08
4.014219103425143926e-08
3.801103388735190344e-08
3.601395412699768066e-08
3.414123191215672995e-08
3.238394290330930876e-08
3.073388589747024757e-08
2.918351769075166936e-08
2.772589438373084529e-08
2.635461843675656548e-08
2.506379086268318247e-08
2.384796801489362773e-08
2.270212249018409722e-08
2.162160772027018896e-08
2.060212587331102768e-08
1.963969872878149538e-08
1.873064122597785087e-08
1.787153741904884216e-08
1.705921860025083189e-08
1.629074337859826107e-08
1.556337952363688321e-08
1.487458740405885782e-08
1.422200486861745062e-08
1.360343343255697886e-08
1.301682564678489772e-08
1.246027353948439607e-08
1.193199803097896604e-08
1.143033923257152475e-08
1.095374754892964957e-08
1.050077551149575954e-08
1.007007027747477946e-08
9.660366735284070202e-09
9.270481163025910867e-09
8.899305391632906528e-09
8.545801428906230615e-09
8.208996504773032110e-09
7.887978501781560745e-09
7.581891738176003120e-09
7.289933073887339527e-09
7.011348312474881284e-09
6.745428874489253189e-09
6.491508719925980299e-09
6.248961499426602081e-09
6.017197915681300054e-09
5.795663278113764284e-09
5.583835235402581767e-09
5.381221671728754901e-09
5.187358753850536275e-09
5.001809117206481128e-09
4.824160180246361675e-09
4.654022577097878116e-09
4.491028699502857368e-09
4.334831339708542689e-09
4.185102426684487040e-09
4.041531848659619549e-09
3.903826355543395363e-09
3.771708535314504600e-09
3.644915858935030631e-09
3.523199788781522931e-09
3.406324945980813575e-09
3.294068332401118566e-09
3.186218603380887086e-09
3.082575387582105841e-09
2.982948650633243472e-09
2.887158099482894244e-09
2.795032624619418774e-09
2.706409777527391523e-09
2.621135280949319179e-09
2.539062569702897187e-09
2.460052359971241584e-09
2.383972245137266033e-09
2.310696316374991020e-09
2.240104806340958156e-09
2.172083754429001036e-09
2.106524692162554820e-09
2.043324347400653656e-09
1.982384366128284942e-09
1.923611050688657703e-09
1.866915113395528783e-09
1.812211444537934445e-09
1.759418893858506936e-09
1.708460064650115724e-09
1.659261119674397662e-09
1.611751598160255435e-09
1.565864243190891684e-09
1.521534838834694081e-09
1.478702056418685087e-09
1.437307309383465566e-09
1.397294616195928448e-09
1.358610470830667541e-09
1.321203720363171760e-09
1.285025449247872022e-09
1.250028869881812233e-09
1.216169219080643745e-09
1.183403660117643112e-09
1.151691189998862324e-09
1.120992551668332367e-09
1.091270150856639350e-09
1.062487977304327588e-09
1.034611530108346597e-09
1.007607746955546974e-09
9.814449370218467957e-10
9.560927173293897714e-10
9.315219523667478899e-10
9.077046967891732663e-10
8.846141410270377314e-10
8.622245596409741378e-10
8.405112622719862322e-10
8.194505470438953058e-10
7.990196562839619592e-10
7.791967344355296660e-10
7.599607880439422587e-10
7.412916477040162183e-10
7.231699318638283724e-10
7.055770123857462326e-10
6.884949817713557101e-10
6.719066219623082080e-10
6.557953746341734018e-10
6.401453129051201442e-10
6.249411143856673505e-10
6.101680354999556213e-10
5.958118870128644606e-10
5.818590107010261905e-10
5.682962571091994690e-10
5.551109643367461293e-10
5.422909378019975256e-10
5.298244309351694781e-10
5.177001267531852369e-10
5.059071202723215635e-10
4.944349017169661089e-10
4.832733404850445630e-10
4.724126698327887773e-10
4.618434722435207501e-10
4.515566654470098731e-10
4.415434890577289856e-10
4.317954918020267344e-10
4.223045193057859858e-10
4.130627024156527152e-10
4.040624460283039767e-10
3.952964184035664359e-10
3.867575409384288237e-10
3.784389783801942901e-10
3.703341294581212655e-10
3.624366179139528892e-10
3.547402839127486176e-10
3.472391758163509861e-10
3.399275423027315853e-10
3.327998248152825813e-10
3.258506503269335905e-10
3.190748244047158563e-10
3.124673245611119078e-10
3.060232938792048976e-10
2.997380348992785338e-10
2.936070037551256233e-10
2.876258045488907923e-10
2.817901839538237989e-10
2.760960260348303285e-10
2.705393472771904413e-10
2.651162918142814248e-10
2.598231268455860491e-10
2.546562382366657718e-10
2.496121262931913545e-10
2.446874017014853512e-10
2.398787816283911626e-10
2.351830859736171198e-10
2.305972337680269456e-10
2.261182397116521623e-10
2.217432108454857897e-10
2.715295458380916334e-09
2.758019651631495313e-09
2.801586989820317421e-09
2.846017507348738416e-09
2.891331795886695033e-09
2.937551022147903137e-09
2.984696946305064959e-09
3.032791941070784255e-09
3.081859011471030167e-09
3.131921815339146115e-09
3.183004684559690471e-09
3.235132647092705190e-09
3.288331449810390355e-09
3.342627582179532033e-09
3.398048300824707076e-09
3.454621655008708804e-09
3.512376513068405997e-09
3.571342589845990916e-09
3.631550475157411729e-09
3.693031663341692181e-09
3.755818583936912612e-09
3.819944633530760569e-09
3.885444208835792622e-09
3.952352741041912264e-09
4.020706731501075121e-09
4.090543788801835034e-09
4.161902667294066782e-09
4.234823307127169600e-09
4.309346875867991273e-09
4.385515811768072625e-09
4.463373868752999313e-09
4.542966163210360268e-09
4.624339222656526124e-09
4.707541036366300766e-09
4.792621108053836878e-09
4.879630510697419993e-09
4.968621943605498424e-09
5.059649791826053824e-09
5.152770188006725094e-09
5.248041076818389007e-09
5.345522282060681220e-09
5.445275576573998017e-09
5.547364755088890015e-09
5.651855710150511385e-09
5.758816511262833208e-09
5.868317487405057949e-09
5.980431313080375561e-09
6.095233098065772149e-09
6.212800481040483566e-09
6.333213727280035925e-09
6.456555830612768490e-09
6.582912619846407507e-09
6.712372869883148556e-09
6.845028417753810776e-09
6.980974283813860325e-09
7.120308798357561987e-09
7.263133733920459107e-09
7.409554443555196886e-09
7.559680005381683487e-09
7.713623373729140309e-09
7.871501537205345688e-09
8.033435684047461026e-09
8.199551375128475526e-09
8.369978725014881069e-09
8.544852591493463921e-09
8.724312774009354531e-09
8.908504221482747075e-09
9.097577249998790540e-09
9.291687770894182229e-09
9.490997529794398428e-09
9.695674357188129234e-09
9.905892431160406469e-09
1.012183255294267846e-08
1.034368243597754529e-08
1.057163700923766065e-08
1.080589873558344226e-08
1.104667794599140202e-08
1.129419319053604344e-08
1.154867160706261953e-08
1.181034930854566417e-08
1.207947179019037745e-08
1.235629435739960733e-08
1.264108257580028560e-08
1.293411274459801487e-08
1.323567239460949390e-08
1.354606081240879166e-08
1.386558959211551599e-08
1.419458321645199558e-08
1.453337966880222024e-08
1.488233107811886937e-08
1.524180439864595724e-08
1.561218212655504993e-08
1.599386305573272329e-08
1.638726307510676635e-08
1.679281601005927507e-08
1.721097451064815495e-08
1.764221098954336951e-08
1.808701861278461675e-08
1.854591234668052796e-08
1.901943006440144480e-08
1.950813371606493572e-08
2.001261056638135849e-08
2.053347450421416098e-08
2.107136742872010315e-08
2.162696071706905532e-08
2.220095677910361203e-08
2.279409070468822772e-08
2.340713200991781760e-08
2.404088648880937316e-08
2.469619817759151366e-08
2.537395143923609193e-08
2.607507317645085988e-08
2.680053518197220766e-08
2.755135663566990491e-08
2.832860675870361555e-08
2.913340763576109686e-08
2.996693721726371543e-08
3.083043251435428951e-08
3.172519300049090176e-08
3.265258423456612858e-08
3.361404172166242508e-08
3.461107502884879616e-08
3.564527217483438972e-08
3.671830431382842930e-08
3.783193073562754278e-08
3.898800420577432564e-08
4.018847667161813652e-08
4.143540536227826151e-08
4.273095931287913849e-08
4.407742634601501204e-08
4.547722054623288798e-08
4.693289026641911135e-08
4.844712670836579634e-08
5.002277312350987868e-08
5.166283468390749503e-08
5.337048907797908512e-08
5.514909789046254415e-08
5.700221883140390542e-08
5.893361888494018049e-08
6.094728845514683676e-08
6.304745659340208184e-08
6.523860739962795730e-08
6.752549769848919661e-08
6.991317610125491602e-08
7.240700357465583680e-08
7.501267564981679415e-08
7.773624641733790535e-08
8.058415446898236164e-08
8.356325096236516397e-08
8.668083000271115311e-08
8.994466155536337577e-08
9.336302712450817108e-08
9.694475845780802794e-08
1.006992795635815508e-07
1.046366523571911410e-07
1.087676262867644120e-07
1.131036923257104520e-07
1.176571417612036691e-07
1.224411302544270180e-07
1.274697477005429381e-07
1.327580944748066746e-07
1.383223647167666217e-07
1.441799373780562363e-07
1.503494758419317122e-07
1.568510370156714939e-07
1.637061909016384594e-07
1.709381517707922101e-07
1.785719221956080986e-07
1.866344513497843702e-07
1.951548091522733346e-07
2.041643780258366976e-07
2.136970642587475003e-07
2.237895312061898292e-07
2.344814568496371039e-07
2.458158185530757056e-07
2.578392082201349397e-07
2.706021814727839050e-07
2.841596449480587294e-07
2.985712863534353622e-07
3.139020525446130723e-07
3.302226816040138868e-07
3.476102957187856328e-07
3.661490626004995794e-07
3.859309342749745974e-07
4.070564733231537209e-07
4.296357781001547757e-07
4.537895201318842424e-07
4.796501088250859050e-07
5.073630008723473094e-07
5.370881743416052054e-07
5.690017904729630885e-07
6.032980697386704265e-07
6.401914128432490433e-07
6.799188021549215434e-07
7.227425246912909803e-07
7.689532643799519230e-07
8.188736190548225386e-07
8.728621067416165323e-07
9.313177364815219752e-07
9.946852315391009819e-07
1.063461007694306734e-06
1.138200026852602456e-06
1.219523666925110341e-06
1.308128773430629536e-06
1.404798087261930144e-06
1.510412277376620426e-06
1.625963847801630725e-06
1.752573236427975323e-06
1.891507479947390829e-06
2.044201886462499590e-06
2.212285236490169704e-06
2.397609126134185259e-06
2.602282175077556753e-06
2.828709948638295017e-06
3.079641589052041394e-06
3.358224317275694296e-06
3.668067152401311017e-06
4.013315398086533233e-06
4.398737656631682583e-06
4.829827336372340399e-06
5.312920789559945014e-06
5.855334308678304003e-06
6.465522140135874702e-06
7.153257315521502131e-06
7.929836241039533930e-06
8.808306285139040295e-06
9.803712516831804909e-06
1.093335439876764835e-05
1.221703423117357512e-05
1.367726423512372893e-05
1.533937476152110512e-05
1.723142643155254304e-05
1.938376471791473167e-05
2.182795143500303425e-05
2.459463921285371467e-05
2.770968210376459969e-05
3.118733216932813345e-05
3.501865000233118431e-05
3.915207845378325857e-05
4.346119987119706978e-05
4.769153576201742070e-05
5.137306726972542533e-05
5.367668912263943098e-05
5.317907327789437276e-05
4.747844604643871192e-05
3.256956982511888612e-05
1.835617792557702380e-06
-5.555256778401661358e-05
-1.571057743090884396e-04
-3.306202345351689576e-04
-6.188429920193856725e-04
-1.083660853939263447e-03
-1.802960249749678556e-03
-2.832627933065535748e-03
-4.010156499698759765e-03
-4.083520696722056122e-03
-0.000000000000000000e+00
4.083520696722056122e-03
4.010156499698759765e-03
2.832627933065535748e-03
1.802960249749678556e-03
1.083660853939263447e-03
6.188429920193856725e-04
3.306202345351689576e-04
1.571057743090884396e-04
5.555256778401661358e-05
-1.835617792557702380e-06
-3.256956982511888612e-05
-4.747844604643871192e-05
-5.317907327789437276e-05
-5.367668912263943098e-05
-5.137306726972542533e-05
-4.769153576201742070e-05
-4.346119987119706978e-05
-3.915207845378325857e-05
-3.501865000233118431e-05
-3.118733216932813345e-05
-2.770968210376459969e-05
-2.459463921285371467e-05
-2.182795143500303425e-05
-1.938376471791473167e-05
-1.723142643155254304e-05
-1.533937476152110512e-05
-1.367726423512372893e-05
-1.221703423117357512e-05
-1.093335439876764835e-05
-9.803712516831804909e-06
-8.808306285139040295e-06
-7.929836241039533930e-06
-7.153257315521502131e-06
-6.465522140135874702e-06
-5.855334308678304003e-06
-5.312920789559945014e-06
-4.829827336372340399e-06
-4.398737656631682583e-06
-4.013315398086533233e-06
-3.668067152401311017e-06
-3.358224317275694296e-06
-3.079641589052041394e-06
-2.828709948638295017e-06
-2.602282175077556753e-06
-2.397609126134185259e-06
-2.212285236490169704e-06
-2.044201886462499590e-06
-1.891507479947390829e-06
-1.752573236427975323e-06
-1.625963847801630725e-06
-1.510412277376620426e-06
-1.404798087261930144e-06
-1.308128773430629536e-06
-1.219523666925110341e-06
-1.138200026852602456e-06
-1.063461007694306734e-06
-9.946852315391009819e-07
-9.313177364815219752e-07
-8.728621067416165323e-07
-8.188736190548225386e-07
-7.689532643799519230e-07
-7.227425246912909803e-07
-6.799188021549215434e-07
-6.401914128432490433e-07
-6.032980697386704265e-07
-5.690017904729630885e-07
-5.370881743416052054e-07
-5.073630008723473094e-07
-4.796501088250859050e-07
-4.537895201318842424e-07
-4.296357781001547757e-07
-4.070564733231537209e-07
-3.859309342749745974e-07
-3.661490626004995794e-07
-3.476102957187856328e-07
-3.302226816040138868e-07
-3.139020525446130723e-07
-2.985712863534353622e-07
-2.841596449480587294e-07
-2.706021814727839050e-07
-2.578392082201349397e-07
-2.458158185530757056e-07
-2.344814568496371039e-07
-2.237895312061898292e-07
-2.136970642587475003e-07
-2.041643780258366976e-07
-1.951548091522733346e-07
-1.866344513497843702e-07
-1.785719221956080986e-07
-1.709381517707922101e-07
-1.637061909016384594e-07
-1.568510370156714939e-07
-1.503494758419317122e-07
-1.441799373780562363e-07
-1.383223647167666217e-07
-1.327580944748066746e-07
-1.274697477005429381e-07
-1.224411302544270180e-07
-1.176571417612036691e-07
-1.131036923257104520e-07
-1.087676262867644120e-07
-1.046366523571911410e-07
-1.006992795635815508e-07
-9.694475845780802794e-08
-9.336302712450817108e-08
-8.994466155536337577e-08
-8.668083000271115311e-08
-8.356325096236516397e-08
-8.058415446898236164e-08
-7.773624641733790535e-08
-7.501267564981679415e-08
-7.240700357465583680e-08
-6.991317610125491602e-08
-6.752549769848919661e-08
-6.523860739962795730e-08
-6.304745659340208184e-08
-6.094728845514683676e-08
-5.893361888494018049e-08
-5.700221883140390542e-08
-5.514909789046254415e-08
-5.337048907797908512e-08
-5.166283468390749503e-08
-5.002277312350987868e-08
-4.844712670836579634e-08
-4.693289026641911135e-08
-4.547722054623288798e-08
-4.407742634601501204e-08
-4.273095931287913849e-08
-4.143540536227826151e-08
-4.018847667161813652e-08
-3.898800420577432564e-08
-3.783193073562754278e-08
-3.671830431382842930e-08
-3.564527217483438972e-08
-3.461107502884879616e-08
-3.361404172166242508e-08
-3.265258423456612858e-08
-3.172519300049090176e-08
-3.083043251435428951e-08
-2.996693721726371543e-08
-2.913340763576109686e-08
-2.832860675870361555e-08
-2.755135663566990491e-08
-2.680053518197220766e-08
-2.607507317645085988e-08
-2.537395143923609193e-08
-2.469619817759151366e-08
-2.404088648880937316e-08
-2.340713200991781760e-08
-2.279409070468822772e-08
-2.220095677910361203e-08
-2.162696071706905532e-08
-2.107136742872010315e-08
-2.053347450421416098e-08
-2.001261056638135849e-08
-1.950813371606493572e-08
-1.901943006440144480e-08
-1.854591234668052796e-08
-1.808701861278461675e-08
-1.764221098954336951e-08
-1.721097451064815495e-08
-1.679281601005927507e-08
-1.638726307510676635e-08
-1.599386305573272329e-08
-1.561218212655504993e-08
-1.524180439864595724e-08
-1.488233107811886937e-08
-1.453337966880222024e-08
-1.419458321645199558e-08
-1.386558959211551599e-08
-1.354606081240879166e-08
-1.323567239460949390e-08
-1.293411274459801487e-08
-1.264108257580028560e-08
-1.235629435739960733e-08
-1.207947179019037745e-08
-1.181034930854566417e-08
-1.154867160706261953e-08
-1.129419319053604344e-08
-1.104667794599140202e-08
-1.080589873558344226e-08
-1.057163700923766065e-08
-1.034368243597754529e-08
-1.012183255294267846e-08
-9.905892431160406469e-09
-9.695674357188129234e-09
-9.490997529794398428e-09
-9.291687770894182229e-09
-9.097577249998790540e-09
-8.908504221482747075e-09
-8.724312774009354531e-09
-8.544852591493463921e-09
-8.369978725014881069e-09
-8.199551375128475526e-09
-8.033435684047461026e-09
-7.871501537205345688e-09
-7.713623373729140309e-09
-7.559680005381683487e-09
-7.409554443555196886e-09
-7.263133733920459107e-09
-7.120308798357561987e-09
-6.980974283813860325e-09
-6.845028417753810776e-09
-6.712372869883148556e-09
-6.582912619846407507e-09
-6.456555830612768490e-09
-6.333213727280035925e-09
-6.212800481040483566e-09
-6.095233098065772149e-09
-5.980431313080375561e-09
-5.868317487405057949e-09
-5.758816511262833208e-09
-5.651855710150511385e-09
-5.547364755088890015e-09
-5.445275576573998017e-09
-5.345522282060681220e-09
-5.248041076818389007e-09
-5.152770188006725094e-09
-5.059649791826053824e-09
-4.968621943605498424e-09
-4.879630510697419993e-09
-4.792621108053836878e-09
-4.707541036366300766e-09
-4.624339222656526124e-09
-4.542966163210360268e-09
-4.463373868752999313e-09
-4.385515811768072625e-09
-4.309346875867991273e-09
-4.234823307127169600e-09
-4.161902667294066782e-09
-4.090543788801835034e-09
-4.020706731501075121e-09
-3.952352741041912264e-09
-3.885444208835792622e-09
-3.819944633530760569e-09
-3.755818583936912612e-09
-3.693031663341692181e-09
-3.631550475157411729e-09
-3.571342589845990916e-09
-3.512376513068405997e-09
-3.454621655008708804e-09
-3.398048300824707076e-09
-3.342627582179532033e-09
-3.288331449810390355e-09
-3.235132647092705190e-09
-3.183004684559690471e-09
-3.131921815339146115e-09
-3.081859011471030167e-09
-3.032791941070784255e-09
-2.984696946305064959e-09
-2.937551022147903137e-09
-2.891331795886695033e-09
-2.846017507348738416e-09
-2.801586989820317421e-09
-2.758019651631495313e-09
-2.715295458380916334e-09
