5.551033076685787221e-09
5.771723795750787226e-09
6.003016452802490731e-09
6.245509403109013019e-09
6.499839867668350945e-09
6.766686793331950404e-09
7.046773948451360806e-09
7.340873275534410699e-09
7.649808524551090343e-09
7.974459192918351202e-09
8.315764800846173626e-09
8.674729533674524116e-09
9.052427286109737795e-09
9.450007146917726559e-09
9.868699366697135164e-09
1.030982185588915667e-08
1.077478726524034590e-08
1.126511070658732643e-08
1.178241817815269941e-08
1.232845576561539663e-08
1.290509969814394809e-08
1.351436734746852284e-08
1.415842926804410181e-08
1.483962238756762555e-08
1.556046446972212822e-08
1.632366998522043162e-08
1.713216754322693972e-08
1.798911905329923192e-08
1.889794080839695776e-08
1.986232670258480643e-08
2.088627382319005196e-08
2.197411068679997683e-08
2.313052842211068238e-08
2.436061524084858275e-08
2.566989458146302183e-08
2.706436735981720498e-08
2.855055881760274126e-08
3.013557052373611615e-08
3.182713815780129380e-08
3.363369578913563208e-08
3.556444746210231863e-08
3.762944700944083653e-08
3.983968714365523363e-08
4.220719902392256882e-08
4.474516366618966303e-08
4.746803676076051424e-08
5.039168868922851086e-08
5.353356179636005201e-08
5.691284727875371454e-08
6.055068440821055110e-08
6.447038522260326408e-08
6.869768830115393915e-08
7.326104580700919903e-08
7.819194864287951744e-08
8.352529534334770350e-08
8.929981124191519208e-08
9.555852552807388947e-08
1.023493150811598151e-07
1.097255254715866754e-07
1.177466813024741516e-07
1.264793001818413840e-07
1.359978271358226917e-07
1.463857092803455927e-07
1.577366341646629409e-07
1.701559595106221543e-07
1.837623672511499102e-07
1.986897810108584470e-07
2.150895937070619521e-07
2.331332610738512089e-07
2.530153279900177877e-07
2.749569679791067492e-07
2.992101327171849599e-07
3.260624285479799870e-07
3.558428617695096241e-07
3.889286249640799443e-07
4.257531343450903785e-07
4.668155748365509468e-07
5.126922677454711409e-07
5.640502484617663355e-07
6.216635325245125235e-07
6.864326626676998806e-07
7.594082736440997655e-07
8.418195942451060957e-07
9.351090381381999019e-07
1.040974331583271570e-06
1.161420006098428142e-06
1.298820573351980247e-06
1.455998332081450052e-06
1.636319578323954509e-06
1.843814062022621718e-06
2.083323937974614675e-06
2.360690309486251976e-06
2.682987912221912218e-06
3.058821743512741270e-06
3.498703797886603539e-06
4.015533922733198440e-06
4.625216714850237755e-06
5.347457115763085647e-06
6.206792020804923422e-06
7.233935329139187035e-06
8.467541600083554671e-06
9.956531924635239622e-06
1.176317914770303411e-05
1.396722441549424798e-05
1.667140203009036752e-05
2.000889731665341729e-05
2.415347029186727871e-05
2.933327083881530172e-05
3.584978198360479060e-05
4.410389971825816265e-05
5.463194192700365206e-05
6.815542573028624343e-05
8.564978279995135802e-05
1.084387128020320199e-04
1.383222400075235614e-04
1.777466751049281259e-04
2.300209047779972849e-04
2.995693582663999091e-04
3.921730428105114300e-04
5.150535407561132985e-04
6.764286320104910023e-04
8.836529250995233146e-04
1.137893163078535549e-03
1.420603605959667309e-03
1.660428008388261907e-03
1.651181318870580594e-03
8.539793030235494397e-04
-1.739311090648791103e-03
-4.401910763121757823e-03
-1.739311090648791103e-03
8.539793030235494397e-04
1.651181318870580594e-03
1.660428008388261907e-03
1.420603605959667309e-03
1.137893163078535549e-03
8.836529250995233146e-04
6.764286320104910023e-04
5.150535407561132985e-04
3.921730428105114300e-04
2.995693582663999091e-04
2.300209047779972849e-04
1.777466751049281259e-04
1.383222400075235614e-04
1.084387128020320199e-04
8.564978279995135802e-05
6.815542573028624343e-05
5.463194192700365206e-05
4.410389971825816265e-05
3.584978198360479060e-05
2.933327083881530172e-05
2.415347029186727871e-05
2.000889731665341729e-05
1.667140203009036752e-05
1.396722441549424798e-05
1.176317914770303411e-05
9.956531924635239622e-06
8.467541600083554671e-06
7.233935329139187035e-06
6.206792020804923422e-06
5.347457115763085647e-06
4.625216714850237755e-06
4.015533922733198440e-06
3.498703797886603539e-06
3.058821743512741270e-06
2.682987912221912218e-06
2.360690309486251976e-06
2.083323937974614675e-06
1.843814062022621718e-06
1.636319578323954509e-06
1.455998332081450052e-06
1.298820573351980247e-06
1.161420006098428142e-06
1.040974331583271570e-06
9.351090381381999019e-07
8.418195942451060957e-07
7.594082736440997655e-07
6.864326626676998806e-07
6.216635325245125235e-07
5.640502484617663355e-07
5.126922677454711409e-07
4.668155748365509468e-07
4.257531343450903785e-07
3.889286249640799443e-07
3.558428617695096241e-07
3.260624285479799870e-07
2.992101327171849599e-07
2.749569679791067492e-07
2.530153279900177877e-07
2.331332610738512089e-07
2.150895937070619521e-07
1.986897810108584470e-07
1.837623672511499102e-07
1.701559595106221543e-07
1.577366341646629409e-07
1.463857092803455927e-07
1.359978271358226917e-07
1.264793001818413840e-07
1.177466813024741516e-07
1.097255254715866754e-07
1.023493150811598151e-07
9.555852552807388947e-08
8.929981124191519208e-08
8.352529534334770350e-08
7.819194864287951744e-08
7.326104580700919903e-08
6.869768830115393915e-08
6.447038522260326408e-08
6.055068440821055110e-08
5.691284727875371454e-08
5.353356179636005201e-08
5.039168868922851086e-08
4.746803676076051424e-08
4.474516366618966303e-08
4.220719902392256882e-08
3.983968714365523363e-08
3.762944700944083653e-08
3.556444746210231863e-08
3.363369578913563208e-08
3.182713815780129380e-08
3.013557052373611615e-08
2.855055881760274126e-08
2.706436735981720498e-08
2.566989458146302183e-08
2.436061524084858275e-08
2.313052842211068238e-08
2.197411068679997683e-08
2.088627382319005196e-08
1.986232670258480643e-08
1.889794080839695776e-08
1.798911905329923192e-08
1.713216754322693972e-08
1.632366998522043162e-08
1.556046446972212822e-08
1.483962238756762555e-08
1.415842926804410181e-08
1.351436734746852284e-08
1.290509969814394809e-08
1.232845576561539663e-08
1.178241817815269941e-08
1.126511070658732643e-08
1.077478726524034590e-08
1.030982185588915667e-08
9.868699366697135164e-09
9.450007146917726559e-09
9.052427286109737795e-09
8.674729533674524116e-09
8.315764800846173626e-09
7.974459192918351202e-09
7.649808524551090343e-09
7.340873275534410699e-09
7.046773948451360806e-09
6.766686793331950404e-09
6.499839867668350945e-09
6.245509403109013019e-09
6.003016452802490731e-09
5.771723795750787226e-09
5.551033076685787221e-09
3.547836992343531607e-08
3.659744547805703725e-08
3.776089756192585270e-08
3.897084995210007890e-08
4.022954568158801772e-08
4.153935473589172197e-08
4.290278231149752482e-08
4.432247768215443840e-08
4.580124372291836987e-08
4.734204714648366083e-08
4.894802951132439750e-08
5.062251906666656681e-08
5.236904350537367919e-08
5.419134370250501131e-08
5.609338852467245958e-08
5.807939080345433169e-08
6.015382457510749255e-08
6.232144369875229747e-08
6.458730197619709526e-08
6.695677490874029939e-08
6.943558323978182881e-08
7.202981844704213082e-08
7.474597036480561255e-08
7.759095713507276996e-08
8.057215770704693768e-08
8.369744712724829574e-08
8.697523488802887678e-08
9.041450663068369988e-08
9.402486953108044427e-08
9.781660173118483691e-08
1.018007062195211400e-07
1.059889696080085383e-07
1.103940263023904221e-07
1.150294286193096296e-07
1.199097234658050906e-07
1.250505362675183729e-07
1.304686629112680812e-07
1.361821705570848371e-07
1.422105082756774514e-07
1.485746285812370979e-07
1.552971210582911727e-07
1.624023594271325690e-07
1.699166635575895805e-07
1.778684781284015410e-07
1.862885698424737193e-07
1.952102453505798440e-07
2.046695923120387268e-07
2.147057463355927551e-07
2.253611869030788561e-07
2.366820657893741165e-07
2.487185719625722886e-07
2.615253374877466768e-07
2.751618895769856156e-07
2.896931546404464304e-07
3.051900210130846657e-07
3.217299679771231218e-07
3.393977697921128020e-07
3.582862847071049911e-07
3.784973403919899539e-07
4.001427289216796095e-07
4.233453264180657915e-07
4.482403547485503945e-07
4.749768053535219452e-07
5.037190483961718159e-07
5.346486540772504909e-07
5.679664572310337241e-07
6.038949013317176703e-07
6.426807039291333006e-07
6.845978924633823495e-07
7.299512675766950088e-07
7.790803606837914816e-07
8.323639639626738022e-07
8.902253244267393577e-07
9.531381097455239826e-07
1.021633272486870178e-06
1.096306962048772626e-06
1.177829660443604274e-06
1.266956750141343462e-06
1.364540760389244957e-06
1.471545584016959704e-06
1.589063011150186069e-06
1.718331991194847255e-06
1.860761111910110751e-06
2.017954876667195776e-06
2.191744470711970446e-06
2.384223837315896219e-06
2.597792038201759070e-06
2.835203052638495590e-06
3.099624378773981501e-06
3.394706040672614646e-06
3.724661874405686930e-06
4.094365261372028103e-06
4.509461784172555065e-06
4.976501574192325301e-06
5.503094353133460245e-06
6.098090259615178463e-06
6.771789353988964256e-06
7.536181970506653156e-06
8.405220439409449517e-06
9.395119479722596276e-06
1.052467669644332557e-05
1.181559435151999390e-05
1.329276604780848045e-05
1.498446246398761602e-05
1.692230106909252662e-05
1.914080306162697947e-05
2.167620547319397471e-05
2.456397227306492370e-05
2.783407664273806958e-05
3.150250879509067166e-05
3.555643392494068050e-05
3.992870336933861759e-05
4.445453698902610598e-05
4.879835263329861534e-05
5.233059553739336151e-05
5.392084476771048779e-05
5.159099481026809014e-05
4.193578308790905630e-05
1.916070457730996427e-05
-2.649594768832285599e-05
-1.112920790123613553e-04
-2.618587630957609096e-04
-5.206151040894245680e-04
-9.516625746560199639e-04
-1.641124576909919674e-03
-2.665904266649940166e-03
-3.908861393366320873e-03
-4.152674858800908288e-03
-0.000000000000000000e+00
4.152674858800908288e-03
3.908861393366320873e-03
2.665904266649940166e-03
1.641124576909919674e-03
9.516625746560199639e-04
5.206151040894245680e-04
2.618587630957609096e-04
1.112920790123613553e-04
2.649594768832285599e-05
-1.916070457730996427e-05
-4.193578308790905630e-05
-5.159099481026809014e-05
-5.392084476771048779e-05
-5.233059553739336151e-05
-4.879835263329861534e-05
-4.445453698902610598e-05
-3.992870336933861759e-05
-3.555643392494068050e-05
-3.150250879509067166e-05
-2.783407664273806958e-05
-2.456397227306492370e-05
-2.167620547319397471e-05
-1.914080306162697947e-05
-1.692230106909252662e-05
-1.498446246398761602e-05
-1.329276604780848045e-05
-1.181559435151999390e-05
-1.052467669644332557e-05
-9.395119479722596276e-06
-8.405220439409449517e-06
-7.536181970506653156e-06
-6.771789353988964256e-06
-6.098090259615178463e-06
-5.503094353133460245e-06
-4.976501574192325301e-06
-4.509461784172555065e-06
-4.094365261372028103e-06
-3.724661874405686930e-06
-3.394706040672614646e-06
-3.099624378773981501e-06
-2.835203052638495590e-06
-2.597792038201759070e-06
-2.384223837315896219e-06
-2.191744470711970446e-06
-2.017954876667195776e-06
-1.860761111910110751e-06
-1.718331991194847255e-06
-1.589063011150186069e-06
-1.471545584016959704e-06
-1.364540760389244957e-06
-1.266956750141343462e-06
-1.177829660443604274e-06
-1.096306962048772626e-06
-1.021633272486870178e-06
-9.531381097455239826e-07
-8.902253244267393577e-07
-8.323639639626738022e-07
-7.790803606837914816e-07
-7.299512675766950088e-07
-6.845978924633823495e-07
-6.426807039291333006e-07
-6.038949013317176703e-07
-5.679664572310337241e-07
-5.346486540772504909e-07
-5.037190483961718159e-07
-4.749768053535219452e-07
-4.482403547485503945e-07
-4.233453264180657915e-07
-4.001427289216796095e-07
-3.784973403919899539e-07
-3.582862847071049911e-07
-3.393977697921128020e-07
-3.217299679771231218e-07
-3.051900210130846657e-07
-2.896931546404464304e-07
-2.751618895769856156e-07
-2.615253374877466768e-07
-2.487185719625722886e-07
-2.366820657893741165e-07
-2.253611869030788561e-07
-2.147057463355927551e-07
-2.046695923120387268e-07
-1.952102453505798440e-07
-1.862885698424737193e-07
-1.778684781284015410e-07
-1.699166635575895805e-07
-1.624023594271325690e-07
-1.552971210582911727e-07
-1.485746285812370979e-07
-1.422105082756774514e-07
-1.361821705570848371e-07
-1.304686629112680812e-07
-1.250505362675183729e-07
-1.199097234658050906e-07
-1.150294286193096296e-07
-1.103940263023904221e-07
-1.059889696080085383e-07
-1.018007062195211400e-07
-9.781660173118483691e-08
-9.402486953108044427e-08
-9.041450663068369988e-08
-8.697523488802887678e-08
-8.369744712724829574e-08
-8.057215770704693768e-08
-7.759095713507276996e-08
-7.474597036480561255e-08
-7.202981844704213082e-08
-6.943558323978182881e-08
-6.695677490874029939e-08
-6.458730197619709526e-08
-6.232144369875229747e-08
-6.015382457510749255e-08
-5.807939080345433169e-08
-5.609338852467245958e-08
-5.419134370250501131e-08
-5.236904350537367919e-08
-5.062251906666656681e-08
-4.894802951132439750e-08
-4.734204714648366083e-08
-4.580124372291836987e-08
-4.432247768215443840e-08
-4.290278231149752482e-08
-4.153935473589172197e-08
-4.022954568158801772e-08
-3.897084995210007890e-08
-3.776089756192585270e-08
-3.659744547805703725e-08
-3.547836992343531607e-08
