0.00001
0.000010232929922807536
0.000010471285480508985
0.00001071519305237607
0.000010964781961431852
0.00001122018454301963
0.000011481536214968817
0.000011748975549395302
0.000012022644346174132
0.00001230268770812381
0.000012589254117941661
0.000012882495516931348
0.000013182567385564074
0.000013489628825916533
0.000013803842646028839
0.000014125375446227555
0.00001445439770745928
0.000014791083881682072
0.000015135612484362071
0.000015488166189124828
0.00001584893192461114
0.0000162181009735893
0.000016595869074375598
0.00001698243652461746
0.000017378008287493764
0.00001778279410038923
0.000018197008586099827
0.000018620871366628657
0.000019054607179632484
0.000019498445997580456
0.000019952623149688786
0.000020417379446695274
0.00002089296130854041
0.000021379620895022323
0.00002187761623949552
0.00002238721138568338
0.00002290867652767775
0.00002344228815319923
0.0000239883291901949
0.000024547089156850286
0.000025118864315095822
0.000025703957827688645
0.000026302679918953814
0.00002691534803926914
0.00002754228703338169
0.00002818382931264455
0.000028840315031266056
0.00002951209226666384
0.000030199517204020192
0.00003090295432513592
0.000031622776601683795
0.00003235936569296281
0.000033113112148259076
0.000033884415613920276
0.00003467368504525317
0.000035481338923357534
0.000036307805477010174
0.00003715352290971728
0.000038018939632056124
0.000038904514499428046
0.000039810717055349695
0.0000407380277804113
0.00004168693834703355
0.00004265795188015926
0.000043651583224016566
0.00004466835921509635
0.000045708818961487516
0.00004677351412871981
0.000047863009232263804
0.00004897788193684466
0.00005011872336272725
0.00005128613839913648
0.00005248074602497723
0.000053703179637025325
0.00005495408738576248
0.00005623413251903491
0.000057543993733715664
0.00005888436553555884
0.000060255958607435806
0.00006165950018614822
0.00006309573444801929
0.00006456542290346563
0.00006606934480075965
0.00006760829753919819
0.00006918309709189363
0.00007079457843841373
0.00007244359600749906
0.00007413102413009176
0.00007585775750291836
0.00007762471166286911
0.00007943282347242822
0.00008128305161640995
0.00008317637711026709
0.0000851138038202376
0.00008709635899560814
0.00008912509381337459
0.00009120108393559096
0.00009332543007969905
0.00009549925860214369
0.00009772372209558111
0.0001
0.00010232929922807536
0.00010471285480508996
0.0001071519305237607
0.00010964781961431851
0.0001122018454301963
0.0001148153621496883
0.00011748975549395303
0.00012022644346174131
0.0001230268770812381
0.00012589254117941674
0.0001288249551693135
0.00013182567385564074
0.00013489628825916533
0.00013803842646028852
0.00014125375446227554
0.0001445439770745928
0.00014791083881682073
0.00015135612484362072
0.0001548816618912481
0.00015848931924611142
0.00016218100973589298
0.00016595869074375596
0.00016982436524617443
0.00017378008287493763
0.00017782794100389227
0.00018197008586099826
0.00018620871366628676
0.00019054607179632481
0.00019498445997580456
0.00019952623149688788
0.00020417379446695296
0.0002089296130854041
0.00021379620895022324
0.00021877616239495518
0.000223872113856834
0.00022908676527677748
0.00023442288153199226
0.000239883291901949
0.0002454708915685031
0.0002511886431509582
0.0002570395782768865
0.00026302679918953814
0.0002691534803926914
0.0002754228703338166
0.0002818382931264455
0.00028840315031266055
0.0002951209226666384
0.0003019951720402016
0.0003090295432513592
0.00031622776601683794
0.0003235936569296281
0.0003311311214825911
0.00033884415613920273
0.0003467368504525317
0.0003548133892335753
0.0003630780547701014
0.0003715352290971728
0.00038018939632056124
0.0003890451449942805
0.00039810717055349735
0.00040738027780411304
0.0004168693834703355
0.00042657951880159257
0.0004365158322401661
0.0004466835921509635
0.0004570881896148752
0.00046773514128719813
0.00047863009232263805
0.0004897788193684461
0.0005011872336272725
0.0005128613839913648
0.0005248074602497723
0.0005370317963702527
0.0005495408738576248
0.0005623413251903491
0.0005754399373371566
0.0005888436553555889
0.0006025595860743581
0.0006165950018614823
0.000630957344480193
0.0006456542290346556
0.0006606934480075965
0.0006760829753919819
0.0006918309709189362
0.000707945784384138
0.0007244359600749906
0.0007413102413009177
0.0007585775750291836
0.0007762471166286919
0.0007943282347242822
0.0008128305161640995
0.0008317637711026709
0.0008511380382023759
0.0008709635899560805
0.0008912509381337459
0.0009120108393559096
0.0009332543007969905
0.0009549925860214359
0.000977237220955811
0.001
0.0010232929922807546
0.0010471285480508996
0.001071519305237607
0.0010964781961431851
0.001122018454301963
0.0011481536214968829
0.001174897554939529
0.001202264434617413
0.0012302687708123812
0.0012589254117941675
0.0012882495516931337
0.0013182567385564075
0.0013489628825916532
0.0013803842646028853
0.001412537544622754
0.001445439770745928
0.0014791083881682072
0.0015135612484362087
0.0015488166189124811
0.001584893192461114
0.0016218100973589297
0.0016595869074375613
0.0016982436524617442
0.0017378008287493763
0.0017782794100389228
0.0018197008586099844
0.0018620871366628676
0.0019054607179632482
0.0019498445997580456
0.0019952623149688807
0.0020417379446695297
0.0020892961308540386
0.0021379620895022326
0.002187761623949552
0.00223872113856834
0.0022908676527677724
0.0023442288153199225
0.00239883291901949
0.002454708915685031
0.0025118864315095794
0.0025703957827688645
0.0026302679918953813
0.0026915348039269166
0.002754228703338166
0.002818382931264455
0.0028840315031266055
0.002951209226666387
0.003019951720402016
0.003090295432513592
0.0031622776601683794
0.003235936569296284
0.003311311214825911
0.0033884415613920273
0.0034673685045253167
0.0035481338923357567
0.003630780547701014
0.003715352290971724
0.0038018939632056127
0.003890451449942805
0.003981071705534973
0.004073802778041126
0.004168693834703355
0.004265795188015926
0.004365158322401661
0.0044668359215096305
0.004570881896148752
0.004677351412871981
0.004786300923226385
0.004897788193684461
0.005011872336272725
0.005128613839913648
0.005248074602497728
0.005370317963702527
0.005495408738576248
0.005623413251903491
0.005754399373371573
0.00588843655355589
0.0060255958607435805
0.006165950018614822
0.006309573444801936
0.006456542290346556
0.006606934480075957
0.006760829753919818
0.006918309709189363
0.00707945784384138
0.007244359600749898
0.007413102413009177
0.007585775750291836
0.00776247116628692
0.007943282347242814
0.008128305161640995
0.008317637711026709
0.008511380382023767
0.008709635899560805
0.008912509381337459
0.009120108393559097
0.009332543007969915
0.009549925860214359
0.009772372209558112
0.01
0.010232929922807547
0.010471285480508996
0.01071519305237607
0.01096478196143185
0.01122018454301964
0.01148153621496883
0.011748975549395304
0.012022644346174132
0.012302687708123811
0.012589254117941675
0.012882495516931335
0.013182567385564075
0.013489628825916533
0.013803842646028852
0.01412537544622754
0.01445439770745928
0.014791083881682071
0.015135612484362087
0.01548816618912481
0.01584893192461114
0.0162181009735893
0.016595869074375613
0.016982436524617443
0.017378008287493762
0.01778279410038923
0.018197008586099843
0.018620871366628676
0.019054607179632484
0.019498445997580455
0.01995262314968881
0.020417379446695295
0.02089296130854041
0.021379620895022326
0.02187761623949552
0.0223872113856834
0.022908676527677724
0.023442288153199226
0.023988329190194897
0.02454708915685031
0.025118864315095794
0.025703957827688646
0.026302679918953815
0.026915348039269166
0.02754228703338166
0.02818382931264455
0.028840315031266057
0.02951209226666387
0.03019951720402016
0.03090295432513592
0.03162277660168379
0.03235936569296284
0.03311311214825911
0.03388441561392028
0.034673685045253165
0.035481338923357565
0.03630780547701014
0.037153522909717275
0.038018939632056124
0.03890451449942805
0.039810717055349734
0.04073802778041126
0.04168693834703355
0.04265795188015926
0.04365158322401661
0.0446683592150963
0.04570881896148752
0.046773514128719815
0.04786300923226385
0.04897788193684462
0.05011872336272725
0.05128613839913648
0.052480746024977286
0.05370317963702527
0.05495408738576248
0.05623413251903491
0.05754399373371572
0.0588843655355589
0.06025595860743581
0.06165950018614822
0.06309573444801936
0.06456542290346556
0.06606934480075964
0.06760829753919818
0.06918309709189363
0.0707945784384138
0.07244359600749899
0.07413102413009177
0.07585775750291836
0.07762471166286919
0.07943282347242814
0.08128305161640995
0.08317637711026708
0.08511380382023767
0.08709635899560805
0.08912509381337459
0.09120108393559097
0.09332543007969915
0.09549925860214359
0.09772372209558111
0.1
0.10232929922807536
0.10471285480509006
0.10715193052376071
0.1096478196143185
0.1122018454301963
0.1148153621496884
0.11748975549395303
0.12022644346174131
0.1230268770812381
0.12589254117941662
0.1288249551693135
0.13182567385564073
0.13489628825916533
0.13803842646028838
0.14125375446227553
0.1445439770745928
0.1479108388168207
0.1513561248436207
0.15488166189124827
0.15848931924611143
0.16218100973589297
0.16595869074375597
0.1698243652461746
0.17378008287493762
0.1778279410038923
0.18197008586099825
0.18620871366628694
0.19054607179632482
0.19498445997580455
0.1995262314968879
0.20417379446695316
0.2089296130854041
0.21379620895022325
0.21877616239495518
0.22387211385683423
0.22908676527677746
0.23442288153199228
0.239883291901949
0.24547089156850285
0.25118864315095824
0.25703957827688645
0.26302679918953814
0.2691534803926914
0.2754228703338169
0.2818382931264455
0.28840315031266056
0.2951209226666384
0.30199517204020193
0.30902954325135923
0.31622776601683794
0.3235936569296281
0.33113112148259144
0.33884415613920277
0.34673685045253166
0.3548133892335753
0.36307805477010174
0.3715352290971728
0.38018939632056126
0.3890451449942805
0.39810717055349776
0.407380277804113
0.41686938347033553
0.42657951880159256
0.43651583224016566
0.4466835921509635
0.4570881896148752
0.4677351412871981
0.47863009232263803
0.48977881936844664
0.5011872336272725
0.5128613839913648
0.5248074602497723
0.5370317963702532
0.5495408738576248
0.5623413251903491
0.5754399373371566
0.5888436553555896
0.6025595860743581
0.6165950018614822
0.630957344480193
0.6456542290346563
0.6606934480075964
0.6760829753919819
0.6918309709189363
0.7079457843841388
0.7244359600749906
0.7413102413009177
0.7585775750291835
0.7762471166286912
0.7943282347242822
0.8128305161640995
0.8317637711026709
0.8511380382023759
0.8709635899560815
0.8912509381337459
0.9120108393559097
0.9332543007969905
0.9549925860214369
0.9772372209558111
1.
1.0232929922807537
1.0471285480509007
1.071519305237607
1.096478196143185
1.122018454301963
1.1481536214968842
1.1748975549395304
1.2022644346174132
1.2302687708123812
1.2589254117941688
1.288249551693135
1.3182567385564075
1.3489628825916533
1.3803842646028839
1.4125375446227555
1.4454397707459279
1.4791083881682072
1.513561248436207
1.5488166189124828
1.584893192461114
1.6218100973589298
1.6595869074375598
1.698243652461746
1.7378008287493762
1.7782794100389228
1.8197008586099825
1.8620871366628695
1.9054607179632483
1.9498445997580456
1.9952623149688788
2.041737944669532
2.089296130854041
2.1379620895022327
2.1877616239495516
2.2387211385683425
2.290867652767775
2.344228815319923
2.39883291901949
2.4547089156850284
2.5118864315095824
2.570395782768865
2.6302679918953813
2.691534803926914
2.754228703338169
2.818382931264455
2.8840315031266055
2.951209226666384
3.019951720402019
3.090295432513592
3.1622776601683795
3.235936569296281
3.3113112148259143
3.3884415613920273
3.4673685045253166
3.5481338923357533
3.6307805477010175
3.715352290971728
3.801893963205613
3.890451449942805
3.9810717055349776
4.07380277804113
4.168693834703355
4.265795188015925
4.365158322401657
4.4668359215096345
4.570881896148752
4.677351412871981
4.7863009232263805
4.897788193684466
5.011872336272725
5.1286138399136485
5.248074602497723
5.370317963702533
5.4954087385762485
5.623413251903491
5.754399373371567
5.888436553555896
6.025595860743581
6.165950018614822
6.30957344480193
6.456542290346563
6.606934480075965
6.760829753919819
6.918309709189363
7.0794578438413875
7.244359600749906
7.413102413009177
7.585775750291836
7.762471166286912
7.943282347242821
8.128305161640995
8.317637711026709
8.51138038202376
8.709635899560814
8.91250938133746
9.120108393559097
9.332543007969905
9.549925860214369
9.772372209558112
10.
10.232929922807536
10.471285480509007
10.71519305237607
10.964781961431852
11.220184543019629
11.481536214968841
11.748975549395302
12.02264434617413
12.30268770812381
12.589254117941687
12.88249551693135
13.182567385564074
13.489628825916533
13.803842646028867
14.125375446227554
14.45439770745928
14.791083881682072
15.135612484362072
15.488166189124827
15.848931924611142
16.218100973589298
16.595869074375596
16.98243652461746
17.378008287493763
17.78279410038923
18.197008586099827
18.620871366628695
19.054607179632484
19.498445997580454
19.952623149688787
20.417379446695318
20.892961308540407
21.379620895022324
21.87761623949552
22.387211385683422
22.90867652767775
23.442288153199225
23.9883291901949
24.547089156850337
25.11886431509582
25.703957827688647
26.302679918953814
26.91534803926914
27.54228703338169
28.18382931264455
28.84031503126606
29.51209226666384
30.199517204020193
30.90295432513592
31.622776601683793
31.622776601683793
32.359365692962825
33.11311214825911
33.884415613920254
34.673685045253166
35.48133892335755
36.30780547701014
37.15352290971726
38.018939632056124
38.90451449942807
39.810717055349734
40.73802778041128
41.68693834703355
42.65795188015925
43.65158322401661
44.6683592150963
45.708818961487495
46.77351412871981
47.86300923226383
48.97788193684461
50.11872336272722
51.28613839913648
52.48074602497726
53.70317963702527
54.954087385762456
56.23413251903491
57.543993733715695
58.8843655355589
60.25595860743578
61.65950018614822
63.09573444801933
64.56542290346556
66.06934480075961
67.60829753919819
69.18309709189366
70.79457843841381
72.44359600749898
74.13102413009177
75.85775750291836
77.6247116628692
79.43282347242814
81.28305161640995
83.17637711026708
85.11380382023764
87.09635899560806
89.12509381337455
91.20108393559097
93.3254300796991
95.49925860214358
97.72372209558107
100.
102.32929922807536
104.71285480508996
107.1519305237607
109.64781961431851
112.2018454301963
114.81536214968828
117.48975549395303
120.22644346174131
123.02687708123811
125.89254117941675
128.82495516931337
131.82567385564073
134.89628825916532
138.03842646028852
141.2537544622754
144.5439770745928
147.91083881682073
151.35612484362088
154.88166189124811
158.48931924611142