1.e-6
1.0232929922807537e-6
1.0471285480508985e-6
1.071519305237607e-6
1.096478196143185e-6
1.122018454301963e-6
1.1481536214968817e-6
1.1748975549395304e-6
1.2022644346174132e-6
1.2302687708123811e-6
1.2589254117941661e-6
1.288249551693135e-6
1.3182567385564074e-6
1.3489628825916533e-6
1.3803842646028838e-6
1.4125375446227554e-6
1.445439770745928e-6
1.479108388168207e-6
1.5135612484362072e-6
1.5488166189124828e-6
1.584893192461114e-6
1.6218100973589298e-6
1.6595869074375596e-6
1.698243652461746e-6
1.7378008287493763e-6
1.778279410038923e-6
1.8197008586099826e-6
1.8620871366628656e-6
1.9054607179632483e-6
1.9498445997580454e-6
1.9952623149688787e-6
2.0417379446695273e-6
2.0892961308540407e-6
2.1379620895022326e-6
2.1877616239495517e-6
2.2387211385683376e-6
2.2908676527677747e-6
2.3442288153199226e-6
2.3988329190194897e-6
2.4547089156850284e-6
2.5118864315095823e-6
2.5703957827688647e-6
2.6302679918953817e-6
2.6915348039269138e-6
2.754228703338169e-6
2.818382931264455e-6
2.884031503126606e-6
2.951209226666384e-6
3.0199517204020193e-6
3.090295432513592e-6
3.162277660168379e-6
3.235936569296281e-6
3.3113112148259077e-6
3.3884415613920275e-6
3.467368504525317e-6
3.548133892335753e-6
3.6307805477010175e-6
3.7153522909717276e-6
3.801893963205613e-6
3.890451449942805e-6
3.981071705534969e-6
4.073802778041131e-6
4.168693834703355e-6
4.265795188015926e-6
4.365158322401657e-6
4.466835921509635e-6
4.570881896148752e-6
4.677351412871981e-6
4.78630092322638e-6
4.897788193684467e-6
5.011872336272725e-6
5.128613839913648e-6
5.248074602497723e-6
5.370317963702533e-6
5.4954087385762485e-6
5.623413251903491e-6
5.754399373371567e-6
5.888436553555884e-6
6.025595860743581e-6
6.165950018614822e-6
6.30957344480193e-6
6.4565422903465625e-6
6.606934480075964e-6
6.760829753919819e-6
6.9183097091893625e-6
7.079457843841373e-6
7.244359600749906e-6
7.413102413009177e-6
7.585775750291836e-6
7.76247116628691e-6
7.943282347242822e-6
8.128305161640995e-6
8.31763771102671e-6
8.51138038202376e-6
8.709635899560814e-6
8.91250938133746e-6
9.120108393559096e-6
9.332543007969906e-6
9.549925860214369e-6
9.772372209558111e-6
0.00001
0.000010232929922807536
0.000010471285480508985
0.00001071519305237607
0.000010964781961431852
0.00001122018454301963
0.000011481536214968841
0.000011748975549395302
0.000012022644346174132
0.00001230268770812381
0.000012589254117941661
0.000012882495516931348
0.000013182567385564074
0.000013489628825916533
0.000013803842646028866
0.000014125375446227555
0.00001445439770745928
0.000014791083881682072
0.000015135612484362071
0.000015488166189124797
0.00001584893192461114
0.0000162181009735893
0.000016595869074375598
0.00001698243652461746
0.000017378008287493764
0.00001778279410038923
0.000018197008586099827
0.000018620871366628657
0.000019054607179632484
0.000019498445997580456
0.000019952623149688786
0.000020417379446695318
0.00002089296130854041
0.000021379620895022323
0.00002187761623949552
0.00002238721138568338
0.00002290867652767775
0.00002344228815319923
0.0000239883291901949
0.000024547089156850336
0.000025118864315095822
0.000025703957827688645
0.000026302679918953814
0.00002691534803926914
0.000027542287033381633
0.00002818382931264455
0.000028840315031266056
0.00002951209226666384
0.000030199517204020192
0.00003090295432513592
0.000031622776601683795
0.00003235936569296281
0.000033113112148259076
0.000033884415613920276
0.00003467368504525317
0.000035481338923357534
0.000036307805477010174
0.00003715352290971728
0.000038018939632056124
0.000038904514499428046
0.000039810717055349695
0.0000407380277804113
0.00004168693834703355
0.00004265795188015926
0.000043651583224016654
0.00004466835921509635
0.000045708818961487516
0.00004677351412871981
0.000047863009232263804
0.00004897788193684456
0.00005011872336272725
0.00005128613839913648
0.00005248074602497723
0.000053703179637025325
0.00005495408738576248
0.00005623413251903491
0.000057543993733715664
0.00005888436553555884
0.000060255958607435806
0.00006165950018614822
0.00006309573444801929
0.00006456542290346563
0.00006606934480075965
0.00006760829753919819
0.00006918309709189363
0.00007079457843841373
0.00007244359600749906
0.00007413102413009176
0.00007585775750291836
0.00007762471166286927
0.00007943282347242822
0.00008128305161640995
0.00008317637711026709
0.0000851138038202376
0.00008709635899560796
0.00008912509381337459
0.00009120108393559096
0.00009332543007969905
0.00009549925860214369
0.00009772372209558111
0.0001
0.00010232929922807547
0.00010471285480508996
0.0001071519305237607
0.00010964781961431851
0.0001122018454301963
0.0001148153621496883
0.0001174897554939529
0.00012022644346174131
0.0001230268770812381
0.00012589254117941674
0.00012882495516931337
0.00013182567385564074
0.00013489628825916533
0.00013803842646028852
0.0001412537544622754
0.0001445439770745928
0.00014791083881682073
0.00015135612484362088
0.0001548816618912481
0.00015848931924611142
0.00016218100973589298
0.00016595869074375615
0.00016982436524617443
0.00017378008287493763
0.00017782794100389227
0.00018197008586099845
0.00018620871366628676
0.00019054607179632481
0.00019498445997580456
0.0001995262314968881
0.00020417379446695296
0.00020892961308540387
0.00021379620895022324
0.00021877616239495518
0.000223872113856834
0.00022908676527677723
0.00023442288153199226
0.000239883291901949
0.0002454708915685031
0.00025118864315095795
0.0002570395782768865
0.00026302679918953814
0.00026915348039269167
0.0002754228703338166
0.0002818382931264455
0.00028840315031266055
0.0002951209226666387
0.0003019951720402016
0.0003090295432513592
0.00031622776601683794
0.00032359365692962843
0.0003311311214825911
0.00033884415613920273
0.0003467368504525317
0.0003548133892335757
0.0003630780547701014
0.0003715352290971724
0.00038018939632056124
0.0003890451449942805
0.00039810717055349735
0.0004073802778041126
0.0004168693834703355
0.00042657951880159257
0.0004365158322401661
0.00044668359215096305
0.0004570881896148752
0.00046773514128719813
0.00047863009232263854
0.0004897788193684461
0.0005011872336272725
0.0005128613839913648
0.0005248074602497728
0.0005370317963702527
0.0005495408738576248
0.0005623413251903491
0.0005754399373371572
0.0005888436553555889
0.0006025595860743581
0.0006165950018614823
0.0006309573444801936
0.0006456542290346556
0.0006606934480075957
0.0006760829753919819
0.0006918309709189362
0.000707945784384138
0.0007244359600749898
0.0007413102413009177
0.0007585775750291836
0.0007762471166286919
0.0007943282347242813
0.0008128305161640995
0.0008317637711026709
0.0008511380382023768
0.0008709635899560805
0.0008912509381337459
0.0009120108393559096
0.0009332543007969915
0.0009549925860214359
0.000977237220955811
0.001
0.0010232929922807546
0.0010471285480508996
0.001071519305237607
0.0010964781961431851
0.0011220184543019641
0.0011481536214968829
0.0011748975549395304
0.001202264434617413
0.0012302687708123812
0.0012589254117941675
0.0012882495516931337
0.0013182567385564075
0.0013489628825916532
0.0013803842646028853
0.001412537544622754
0.001445439770745928
0.0014791083881682072
0.0015135612484362087
0.0015488166189124811
0.001584893192461114
0.0016218100973589297
0.0016595869074375613
0.0016982436524617442
0.0017378008287493763
0.0017782794100389228
0.0018197008586099844
0.0018620871366628676
0.0019054607179632482
0.0019498445997580456
0.0019952623149688807
0.0020417379446695297
0.0020892961308540407
0.0021379620895022326
0.002187761623949552
0.00223872113856834
0.0022908676527677724
0.0023442288153199225
0.00239883291901949
0.002454708915685031
0.0025118864315095794
0.0025703957827688645
0.0026302679918953813
0.0026915348039269166
0.002754228703338166
0.002818382931264455
0.0028840315031266055
0.002951209226666387
0.003019951720402016
0.003090295432513592
0.0031622776601683794
0.003235936569296284
0.003311311214825911
0.0033884415613920273
0.0034673685045253167
0.0035481338923357567
0.003630780547701014
0.003715352290971728
0.0038018939632056127
0.003890451449942805
0.003981071705534973
0.004073802778041126
0.004168693834703355
0.004265795188015926
0.004365158322401661
0.0044668359215096305
0.004570881896148752
0.004677351412871981
0.004786300923226385
0.004897788193684461
0.005011872336272725
0.005128613839913648
0.005248074602497728
0.005370317963702527
0.005495408738576248
0.005623413251903491
0.005754399373371573
0.00588843655355589
0.0060255958607435805
0.006165950018614822
0.006309573444801936
0.006456542290346556
0.006606934480075964
0.006760829753919818
0.006918309709189363
0.00707945784384138
0.007244359600749898
0.007413102413009177
0.007585775750291836
0.00776247116628692
0.007943282347242814
0.008128305161640995
0.008317637711026709
0.008511380382023767
0.008709635899560805
0.008912509381337459
0.009120108393559097
0.009332543007969915
0.009549925860214359
0.009772372209558112
0.01
0.010232929922807537
0.010471285480509006
0.01071519305237607
0.01096478196143185
0.01122018454301963
0.01148153621496884
0.011748975549395304
0.012022644346174132
0.012302687708123811
0.012589254117941661
0.01288249551693135
0.013182567385564075
0.013489628825916533
0.013803842646028838
0.014125375446227554
0.01445439770745928
0.014791083881682071
0.015135612484362071
0.015488166189124828
0.01584893192461114
0.0162181009735893
0.016595869074375595
0.01698243652461746
0.017378008287493762
0.01778279410038923
0.018197008586099826
0.018620871366628693
0.019054607179632484
0.019498445997580455
0.01995262314968879
0.020417379446695316
0.02089296130854041
0.021379620895022326
0.02187761623949552
0.022387211385683423
0.022908676527677748
0.023442288153199226
0.023988329190194897
0.024547089156850284
0.025118864315095822
0.025703957827688646
0.026302679918953815
0.02691534803926914
0.02754228703338169
0.02818382931264455
0.028840315031266057
0.02951209226666384
0.030199517204020192
0.03090295432513592
0.03162277660168379
0.03235936569296281
0.03311311214825914
0.03388441561392028
0.034673685045253165
0.03548133892335753
0.03630780547701017
0.037153522909717275
0.038018939632056124
0.03890451449942805
0.039810717055349776
0.0407380277804113
0.04168693834703355
0.04265795188015926
0.04365158322401656
0.04466835921509635
0.04570881896148752
0.046773514128719815
0.0478630092322638
0.048977881936844665
0.05011872336272725
0.05128613839913648
0.05248074602497723
0.053703179637025325
0.05495408738576248
0.05623413251903491
0.057543993733715666
0.05888436553555896
0.06025595860743581
0.06165950018614822
0.0630957344480193
0.06456542290346562
0.06606934480075964
0.06760829753919818
0.06918309709189363
0.07079457843841387
0.07244359600749906
0.07413102413009177
0.07585775750291836
0.07762471166286912
0.07943282347242822
0.08128305161640995
0.08317637711026708
0.08511380382023759
0.08709635899560814
0.08912509381337459
0.09120108393559097
0.09332543007969905
0.09549925860214369
0.09772372209558111
0.1
0.10232929922807536
0.10471285480509006
0.10715193052376071
0.1096478196143185
0.1122018454301963
0.1148153621496884
0.11748975549395303
0.12022644346174131
0.1230268770812381
0.12589254117941687
0.1288249551693135
0.13182567385564073
0.13489628825916533
0.13803842646028838
0.14125375446227553
0.1445439770745928
0.1479108388168207
0.1513561248436207
0.15488166189124827
0.15848931924611143
0.16218100973589297
0.16595869074375597
0.1698243652461746
0.17378008287493762
0.1778279410038923
0.18197008586099825
0.18620871366628694
0.19054607179632482
0.19498445997580455
0.1995262314968879
0.20417379446695316
0.2089296130854041
0.21379620895022325
0.21877616239495518
0.22387211385683423
0.22908676527677746
0.23442288153199228
0.239883291901949
0.24547089156850285
0.25118864315095824
0.25703957827688645
0.26302679918953814
0.2691534803926914
0.2754228703338169
0.2818382931264455
0.28840315031266056
0.2951209226666384
0.30199517204020193
0.30902954325135923
0.31622776601683794
0.3235936569296281
0.33113112148259144
0.33884415613920277
0.34673685045253166
0.3548133892335753
0.36307805477010174
0.3715352290971728
0.38018939632056126
0.3890451449942805
0.39810717055349776
0.407380277804113
0.41686938347033553
0.42657951880159256
0.43651583224016566
0.4466835921509635
0.4570881896148752
0.4677351412871981
0.47863009232263803
0.48977881936844664
0.5011872336272725
0.5128613839913648
0.5248074602497723
0.5370317963702532
0.5495408738576248
0.5623413251903491
0.5754399373371566
0.5888436553555896
0.6025595860743581
0.6165950018614822
0.630957344480193
0.6456542290346563
0.6606934480075964
0.6760829753919819
0.6918309709189363
0.7079457843841388
0.7244359600749906
0.7413102413009177
0.7585775750291835
0.7762471166286912
0.7943282347242822
0.8128305161640995
0.8317637711026709
0.8511380382023759
0.8709635899560815
0.8912509381337459
0.9120108393559097
0.9332543007969905
0.9549925860214369
0.9772372209558111
1.
1.0232929922807537
1.0471285480509007
1.071519305237607
1.096478196143185
1.122018454301963
1.1481536214968842
1.1748975549395304
1.2022644346174132
1.2302687708123812
1.2589254117941688
1.288249551693135
1.3182567385564075
1.3489628825916533
1.3803842646028865
1.4125375446227555
1.4454397707459279
1.4791083881682072
1.513561248436207
1.5488166189124828
1.584893192461114
1.6218100973589298
1.6595869074375598
1.698243652461746
1.7378008287493762
1.7782794100389228
1.8197008586099825
1.8620871366628695
1.9054607179632483
1.9498445997580456
1.9952623149688788
2.041737944669532
2.089296130854041
2.1379620895022327
2.1877616239495516
2.2387211385683425
2.290867652767775
2.344228815319923
2.39883291901949
2.4547089156850337
2.5118864315095824
2.570395782768865
2.6302679918953813
2.691534803926914
2.754228703338169
2.818382931264455
2.8840315031266055
2.951209226666384
3.019951720402019
3.090295432513592
3.1622776601683795
3.235936569296281
3.3113112148259143
3.3884415613920273
3.4673685045253166
3.5481338923357533
3.6307805477010175
3.715352290971728
3.801893963205613
3.890451449942805
3.9810717055349776
4.07380277804113
4.168693834703355
4.265795188015925
4.3651583224016655
4.4668359215096345
4.570881896148752
4.677351412871981
4.7863009232263805
4.897788193684466
5.011872336272725
5.1286138399136485
5.248074602497723
5.370317963702533
5.4954087385762485
5.623413251903491
5.754399373371567
5.888436553555896
6.025595860743581
6.165950018614822
6.30957344480193
6.456542290346563
6.606934480075965
6.760829753919819
6.918309709189363
7.0794578438413875
7.244359600749906
7.413102413009177
7.585775750291836
7.762471166286928
7.943282347242821
8.128305161640995
8.317637711026709
8.51138038202376
8.709635899560814
8.91250938133746
9.120108393559097
9.332543007969905
9.549925860214369
9.772372209558112
10.
10.232929922807536
10.471285480509007
10.71519305237607
10.964781961431852
11.220184543019629
11.481536214968841
11.748975549395302
12.02264434617413
12.30268770812381
12.589254117941687
12.88249551693135
13.182567385564074
13.489628825916533
13.803842646028867
14.125375446227554
14.45439770745928
14.791083881682072
15.135612484362072
15.488166189124827
15.848931924611142
16.218100973589298
16.595869074375596
16.98243652461746
17.378008287493763
17.78279410038923
18.197008586099827
18.620871366628695
19.054607179632484
19.498445997580454
19.952623149688787
20.417379446695318
20.892961308540407
21.379620895022324
21.87761623949552
22.387211385683422
22.90867652767775
23.442288153199225
23.9883291901949
24.547089156850337
25.11886431509582
25.703957827688647
26.302679918953814
26.91534803926914
27.54228703338169
28.18382931264455
28.84031503126606
29.51209226666384
30.199517204020193
30.90295432513592
31.622776601683793
32.35936569296281
33.11311214825915
33.884415613920275
34.673685045253166
35.481338923357534
36.30780547701018
37.15352290971728
38.018939632056124
38.904514499428046
39.81071705534978
40.7380277804113
41.68693834703355
42.65795188015925
43.651583224016655
44.668359215096345
45.708818961487516
46.77351412871981
47.863009232263806
48.97788193684466
50.11872336272725
51.28613839913648
52.48074602497723
53.70317963702533
54.954087385762485
56.23413251903491
57.543993733715666
58.884365535558956
60.25595860743581
61.65950018614822
63.0957344480193
64.56542290346563
66.06934480075964
67.60829753919819
69.18309709189363
70.79457843841388
72.44359600749905
74.13102413009177
75.85775750291836
77.62471166286927
79.43282347242821
81.28305161640995
83.17637711026708
85.11380382023776
87.09635899560814
89.12509381337459
91.20108393559097
93.32543007969905
95.49925860214368
97.72372209558111
100.
102.32929922807536
104.71285480508985
107.15193052376048
109.64781961431873
112.20184543019653
114.81536214968841
117.48975549395303
120.22644346174131
123.02687708123811
125.89254117941663
1.0104653802470906
1.010090742651605
1.0097249628796314
1.0093678462778757
1.009019202753472
1.0086788466719931
1.0083465967553165
1.0080222759875004
1.007705711514505
1.0073967345545076
1.0070951803044312
1.0068008878514751
1.0065137000854039
1.0062334636098942
1.005960028666511
1.005693249044211
1.005432982004227
1.005179088200268
1.0049314316018503
1.004689879419319
1.0044543020297263
1.0042245729059907
1.0040005685453925
1.0037821684002262
1.0035692548111046
1.0033617129406043
1.0031594307073433
1.0029622987221223
1.002770210227169
1.002583061032785
1.0024007494581564
1.0022231762718758
1.0020502446346549
1.0018818600406025
1.001717930263059
1.001558365298009
1.0014030773111122
1.0012519805826472
1.0011049914566397
1.0009620282879357
1.0008230113905212
1.0006878629886882
1.0005565071658378
1.0004288698156603
1.0003048785933297
1.00018446286724
1.0000675536710557
0.9999540836568872
0.9998439870470278
0.99973719958834
0.9996336585051417
0.9995333024529705
0.9994360714723979
0.9993419069429127
0.9992507515368584
0.9991625491733268
0.9990772449720018
0.9989947852068424
0.9989151172595734
0.9988381895729175
0.9987639516034937
0.9986923537743391
0.9986233474269386
0.9985568847727528
0.9984929188441064
0.9984314034444282
0.9983722930976887
0.9983155429970219
0.998261108952408
0.9982089473373258
0.9981590150343097
0.9981112693792942
0.998065668104652
0.9980221692808248
0.9979807312564433
0.9979413125968115
0.9979038720206569
0.9978683683350087
0.9978347603680912
0.9978030069000925
0.9977730665916714
0.9977448979100678
0.9977184590526542
0.9976937078677836
0.9976706017727649
0.9976490976687977
0.9976291518526875
0.997610719925157
0.9975937566955595
0.9975782160827916
0.9975640510121907
0.9975512133082007
0.997539653582569
0.9975293211178379
0.99752016374587
0.9975121277211503
0.9975051575885824
0.997499196045488
0.9974941837975126
0.9974900594081124
0.9974867591412925
0.9974842167972505
0.9974823635405585
0.9974811277205032
0.9974804346831857
0.997480206574962
0.997480362136787
0.9974808164890059
0.9974814809061103
0.9974822625809597
0.9974830643779425
0.997483784574522
0.9974843165905997
0.9974845487050816
0.9974836123363
0.9974821136033191
0.9974805142868495
0.9974790379189697
0.9974784939379674
0.997479202968084
0.9974801527465418
0.997481126307647
0.9974818000106896
0.9974807993626582
0.997479564867808
0.9974783137737931
0.9974772735897793
0.9974776810347309
0.9974788716116788
0.9974802537512524
0.9974816081812174
0.997482290281707
0.9974819309289592
0.9974812905090392
0.9974804812948018
0.9974796361406219
0.9974792143391306
0.9974788712469781
0.997478610585213
0.9974784361692132
0.9974783526196892
0.9974783638828283
0.9974784741277195
0.9974786880001768
0.9974791218890813
0.9974798385973995
0.9974805414221607
0.9974811269301466
0.9974814754992225
0.9974805230369009
0.9974794240514078
0.9974783995551486
0.9974776816961441
0.9974786435728706
0.9974806421266607
0.9974828034976871
0.9974848042859231
0.9974857247225347
0.9974847682720183
0.9974833224252789
0.9974816151894904
0.9974798859849916
0.9974791116750893
0.9974786107356002
0.9974783815157428
0.9974784367974895
0.9974789899744431
0.9974799102731279
0.9974809935838683
0.9974821448600004
0.9974832436898785
0.9974841631176966
0.9974848651594433
0.997485259443788
0.9974852511558177
0.9974838064705858
0.997482000734677
0.997480117829256
0.9974784044373545
0.9974779654513264
0.9974785211731505
0.9974793471759156
0.9974802504339518
0.9974807397780651
0.9974801945967433
0.9974795166695287
0.9974788474208579
0.9974783349715142
0.9974787613045993
0.9974795206683011
0.9974804918017053
0.9974816039048308
0.9974827424565987
0.9974838538444302
0.9974849087953762
0.9974858454955726
0.9974865079347877
0.9974866600160225
0.9974866408217492
0.9974865072204113
0.9974863200506611
0.9974864147387872
0.9974865368914214
0.9974866150000746
0.9974866094526845
0.9974862692322775
0.9974856536762904
0.9974850124509969
0.9974844312620251
0.9974841328378992
0.9974845294948516
0.9974850326526927
0.9974855279755275
0.9974858976714855
0.9974853670776237
0.9974845461327908
0.9974836587988365
0.9974828317656053
0.9974825212861347
0.997482738815724
0.9974831233400114
0.997483597761554
0.9974840026238825
0.9974840037418543
0.9974840146882701
0.9974840998452181
0.9974843316956278
0.9974852311118917
0.9974863593419236
0.9974875128342497
0.99748855758365
0.9974889487058111
0.9974886600305628
0.9974882252587585
0.997487778549279
0.9974875403106106
0.9974879941694543
0.997488652389398
0.9974894623326769
0.9974903650325192
0.9974911532304214
0.9974919169500365
0.9974926911672546
0.9974934737456524
0.997494138690327
0.997494688833427
0.9974952680492386
0.9974959011505758
0.9974966530998564
0.997497610636496
0.9974986613203339
0.9974997917382241
0.9975009442167172
0.9975018810493443
0.9975027515784833
0.9975036255758085
0.9975045493585203
0.9975055230341343
0.9975065504803585
0.9975075826913119
0.9975085448417346
0.9975093114824461
0.9975090648720693
0.9975088439375713
0.9975089144879173
0.9975094576295169
0.9975117457119773
0.9975150148680388
0.9975186247975906
0.9975223211038191
0.9975251743774022
0.9975267354884426
0.9975280278040499
0.9975291227717634
0.9975301391659249
0.9975312130340874
0.9975323780592515
0.9975337387340332
0.9975353536143569
0.997537680329161
0.9975404299136656
0.9975432444938788
0.9975459536035457
0.9975478096541089
0.9975483656127984
0.997548802350749
0.9975493541000249
0.9975502917116366
0.9975529957706079
0.9975561346763407
0.9975595423140435
0.997563017425666
0.9975656311097502
0.9975677083551594
0.9975695069971943
0.9975709466834191
0.9975717778829442
0.9975722321975612
0.99757351885396
0.9975753064377669
0.997577214191856
0.9975788219332717
0.9975805686061977
0.9975825697071609
0.9975848695103925
0.9975878663865576
0.9975913512335705
0.9975950192713369
0.9975987202183387
0.9976018174785354
0.9976038057144274
0.9976054967426441
0.9976070087239969
0.9976083326921225
0.9976090163681517
0.9976096356688985
0.9976103384130485
0.9976111907738812
0.9976120373838917
0.9976130450225218
0.9976144742028593
0.9976163854145972
0.9976189102602419
0.9976220968335732
0.9976257777490679
0.9976297798555612
0.997633945929549
0.9976371188877804
0.9976402385745893
0.9976433516444599
0.9976464853777589
0.9976494127999661
0.9976522136319876
0.9976551133661252
0.9976581811956468
0.9976612824568406
0.9976642773444911
0.9976675548256844
0.9976711281225128
0.9976750921721421
0.9976799632679163
0.997685172669023
0.9976905221302454
0.997695903619175
0.9977005077636262
0.9977043322839915
0.9977081389541963
0.9977115844680712
0.9977178573597685
0.9977263708765355
0.9977331279857391
0.99773913116776
0.9977464890632215
0.9977536551255095
0.9977551494033745
0.9977580344340109
0.9977695698344646
0.9978142264713357
0.9978201876553778
0.9978284460595379
0.9978370166171524
0.9978443832829578
0.9978523886517915
0.9978631024456082
0.9978711555383083
0.9978691403141968
0.9978705072924074
0.9978779446623456
0.9978806999537672
0.9978924672673027
0.9979095724526699
0.9979300809192335
0.9978916505925285
0.9979032581517264
0.9979127403955381
0.9979247739126006
0.9979320782446208
0.9979842840503598
0.9979553856727507
0.9979727872196802
0.9979900389616515
0.9980058782041232
0.9980201049846511
0.9980331055521763
0.9980427084181939
0.998089371161071
0.9981028546826299
0.9980868036198816
0.9981298538276766
0.998159837019446
0.998175395245852
0.9981648064246242
0.9981851946195415
0.9982435457265691
0.9982438463807248
0.9982817782296372
0.9983174583447622
0.998327369965646
0.9983439197420213
0.9983749289830547
0.9984302518191445
0.9984277113077076
0.9984866914588817
0.9985172573396875
0.9985416832343074
0.9985351561434241
0.9986103054533143
0.9986073047616859
0.9986839769485237
0.9986802099915559
0.9987484621261983
0.9987549779146218
0.9988268154209556
0.9988619176042729
0.9989131382099147
0.9989390030829934
0.9989975035653276
0.9990103138122369
0.9990705663761782
0.9991100578048205
0.9991675564122845
0.9991979366194241
0.9992379972533573
0.9992876452921005
0.9993357374867992
0.9993674505234872
0.9993554672895255
0.9994353362810715
0.9994878860962368
0.9995167321589304
0.9995157822275837
0.9995518148819267
0.9996176810321111
0.9996387664803803
0.9996052803954377
0.999621697086591
0.999672708680575
0.999689348756138
0.999642041475103
0.9995833699161415
0.9996170881423585
0.9996174714232129
0.9995718043797884
0.9994672493303014
0.9994322055977105
0.9994094836639097
0.9993311545079272
0.9992238002895844
0.999083096275407
0.9990428000303362
0.9989247110083233
0.9987918982467653
0.9986541702605024
0.9985003429050592
0.9984033586954848
0.9982792694734152
0.998192165448378
0.9979765619604882
0.997770715125577
0.9976902425456978
0.9976622292231877
0.9975653907831787
0.9972605899920177
0.997137071127333
0.9971920861561552
0.9974347210806158
0.9970544961804506
0.9968682217952514
0.9968719374927852
0.9971185349813881
0.9971879631842113
0.9970876309982969
0.9970413594908301
0.9970413872804452
0.997123591180495
0.9974533907680252
0.9975782626708853
0.9973141807932974
0.996592959194169
0.9972990845422725
0.9977126827226549
0.9975052930730054
0.9965848204682018
0.9963511162714281
0.9966451588485938
0.9966140080192808
0.9962865612041732
0.9956598192368648
0.9946763950652484
0.9941941639553554
0.9945781297771386
0.9959991705369639
0.9940601689984471
0.9927840181630982
0.9931273830583062
0.9949744445167104
0.9965207281583067
0.9971497029101953
0.9974655864468136
0.9967783046126008
0.9961585138218948
0.9991817647976627
1.00023933931349
0.9986082006448223
0.994499090032463
0.9927214077729171
0.9914291050515633
0.9911015117166487
0.9924441060008751
0.9907956932731108
0.9872177066676516
0.9869544526630615
0.9899402811663321
0.9949685596941473
0.999518959361525
1.0016278505400822
0.9996432132578
0.9931770840904749
0.9918711684536224
0.9907219612239769
0.9897255212614077
0.9906975509133819
0.9896635799419303
0.9867346379902195
0.9868955238227584
0.9892046548806738
0.9925002808011735
0.9976980373508154
0.9990547459462291
0.9963485396624039
0.9914597170262923
0.9857075483397719
0.982389453413951
0.9831674215546299
0.9874476036896787
0.9923142349515325
0.995232944477771
0.9952025439306472
0.9923111698525307
0.9886271892506319
0.9860587935152967
0.9856061715985375
0.9867938036847204
0.9882382841877344
0.9887087208784537
0.9882276626406858
0.9875030741831701
0.9874629737135455
0.9881980120266837
0.9887635653393285
0.9890054945891469
0.9882269020529201
0.9870744671377737
0.9862726661365548
0.9862011536053783
0.986452923663922
0.9864821325557825
0.9860123152743782
0.9855483575642169
0.9854772333194043
0.9856938041978358
0.985654765399242
0.9851873249282564
0.9849651666868746
0.9847744034291628
0.9848920869000574
0.9848237467070317
0.9846269745871943
0.9844818018964395
0.9843957947033164
0.9839633774810231
0.9835198246558533
0.9834455650962125
0.9835520572837293
0.983114649041239
0.9824277093901422
0.9820670016464459
0.9823911573446598
0.9827697276624286
0.9815731436328525
0.9803218582085157
0.9792603427095222
0.9787198595060983
0.9786983841481247
0.9800971190998875
0.9806981615294668
0.9784872531645453
0.9757393022189602
0.972452926417587
0.9694182569895772
0.9672275767002617
0.9666456538292386
0.968099053012832
0.9737292865909726
0.9786936498271218
0.9742359682237958
0.9686858368534452
0.9625704091809381
0.9566643828496727
0.9517393219843228
0.9485747528682351
0.9482920708572126
0.9533078662492421
0.9664781018687321
0.9802586127750458
0.9828517909702162
0.9854045323287997
0.987751140000029
0.9896715775023655
0.9904034040544765
0.9898712737047031
0.9881757195465618
0.9852027230999935
0.9806326202313448
0.9784246916553342
0.9813335201273315
0.9842806951482375
0.987031356243776
0.9885305687014917
0.9891955525617259
0.9888653527391617
0.9873468218922039
0.9839556275869056
0.9787393837008664
0.9765748896172112
0.9798482996747356
0.9829380831365171
0.9851628657568934
0.9868338189809335
0.9877366959272912
0.98761726778534
0.9854282285101412
0.981666196837334
0.9763654234581028
0.9742767546270297
0.9773331114604069
0.9799975527481803
0.98238615742131
0.9842654769336178
0.9851281522324878
0.9842031452723704
0.9818795186398368
0.9780407300041903
0.9726092350402963
0.9696523623738852
0.9723430779597138
0.9750177793877687
0.9774340836268185
0.97878233772914
0.9787903948164525
0.9775907913139581
0.9749810886646192
0.9705697919838326
0.9637101975423801
0.9600794315093248
0.9623309995952233
0.9645216690779279
0.9655435386625528
0.9656906035501688
0.9648235326853842
0.9626766109231895
0.9584864824038863
0.9520398750363533
0.9436945823691026
0.938552682871732
0.9390237908607904
0.938466026202152
0.9372629216883497
0.9351608706294373
0.9318488602307466
0.926224038925084
0.9185733257253825
0.908897055119657
0.8971359386084446
0.8877552452835528
0.8831321735271709
0.8777947899609427
0.8714748173675221
0.8636997991355782
0.8535311746402006
0.8413511046801371
0.8269795758197673
0.8102653821184929
0.7904766806970966
0.7725192513700634
0.7586246105503052
0.7434558747410468
0.7263697682449292
0.7070226993781373
0.6855925655254829
0.6619471706263859
0.6358984914840088
0.606973214304415
0.5758583521047163
0.5460211716528929
0.5188185342390678
0.48997169781133554
0.4597614018808435
0.42837985399911627
0.39596883314186443
0.36256022470022936
0.32842974610723
0.2942018446291147
0.2603569206265925
0.22872359146795426
0.1997082403609738
0.17203951049596386
0.14599619378915435
0.1218374164916885
0.09971400417421024
0.07990472454180356
0.06257741789526079
0.047787670939050474
0.03548393617462193
0.02570419261950678
0.01818611456935759
0.012441604325239603
0.008200674400363142
0.005183248348590647
0.0031317075342015537
0.0018015350058588567
0.0009829505054914972
0.000506913031077723
0.0002473802948950988
0.0001160992709048085
0.00005421614271175971
0.000026921574626405095
0.000015894481903650798
0.000011852802819215638
0.000010520220126039097
0.000010129018483842755
0.000010027893103391662
0.00001000519260360001
0.000010000820562260695
0.000010000109052404655
0.000010000012012628113
0.000010000001068773832
0.000010000000075242639
0.000010000000004096779
0.000010000000000168167
0.000010000000000005063
0.00001000000000000011
0.000010000000000000003
0.00001
0.00001
0.00001
0.00001
0.00001
0.00001
0.00001
0.00001
0.00001
0.00001
0.00001
0.00001
0.00001
0.00001
0.00001
0.00001
0.00001
0.00001
0.00001
0.00001
0.00001
0.00001
0.00001
0.00001
0.00001
0.00001
0.00001
0.00001
0.00001
0.00001
0.00001
0.00001
0.00001
0.00001
0.00001
0.00001
0.00001
0.00001
0.00001
0.00001
0.00001
0.00001
0.00001
0.00001
0.00001
0.00001
0.00001
0.00001
0.00001
0.00001
0.00001
0.00001
0.00001
0.00001
0.00001
0.00001
0.00001
0.00001
0.00001
0.00001
0.00001
0.00001
0.00001
0.00001
0.00001
0.00001
0.00001
0.00001