0.004521277098530109
0.010498284531151222
0.016421058381906113
0.022245849194166736
0.02793700698002279
0.03346019528254864
0.03878216797447201
0.043870908185673504
0.048695807635072544
0.053227846983937295
0.05743976909939196
0.06130624249292931
0.06480401345660167
0.06791204581523452
0.0706116473912875
0.07288658239580449
0.07472316905796887
0.0761103619006268
0.07703981816424858
0.07750594797842539
0.07750594797842539
0.07703981816424858
0.0761103619006268
0.07472316905796887
0.07288658239580449
0.0706116473912875
0.06791204581523452
0.06480401345660167
0.06130624249292931
0.05743976909939196
0.053227846983937295
0.048695807635072544
0.043870908185673504
0.03878216797447201
0.03346019528254864
0.02793700698002279
0.022245849194166736
0.016421058381906113
0.010498284531151222
0.004521277098530109