-0.9982377097105593
-0.9907262386994571
-0.9772599499837744
-0.9579168192137917
-0.9328128082786766
-0.9020988069688742
-0.8659595032122596
-0.8246122308333117
-0.7783056514265194
-0.7273182551899271
-0.6719566846141796
-0.6125538896679803
-0.5494671250951282
-0.4830758016861787
-0.41377920437160487
-0.3419940908257586
-0.2681521850072537
-0.1926975807013711
-0.11608407067525528
-0.03877241750605087
0.03877241750605087
0.11608407067525528
0.1926975807013711
0.2681521850072537
0.3419940908257586
0.41377920437160487
0.4830758016861787
0.5494671250951282
0.6125538896679803
0.6719566846141796
0.7273182551899271
0.7783056514265194
0.8246122308333117
0.8659595032122596
0.9020988069688742
0.9328128082786766
0.9579168192137917
0.9772599499837744
0.9907262386994571
0.9982377097105593